-32256 14693 51120 -179 11008 -10197 -36010 -10159 
44032 41417 -9339 -37496 9344 -34648 387 11259 
4160 -13420 -18998 -4649 40640 28978 -43051 11125 
8576 -30972 -5190 9798 35712 26504 -35780 6266 
-15616 9922 51345 50127 -14464 -14789 26905 -28436 
-42304 29041 -4119 -1223 -27200 -45434 -44388 14682 
704 -15692 16536 -24549 -66240 -9982 8257 27921 
448 11282 49522 3177 -7872 20176 -15501 6099 
50560 19715 28872 -533 -19328 -65169 48024 10675 
9216 -26219 -4440 -22889 -29696 -9137 -44330 -31763 
16064 5721 4945 -53469 8896 -17312 -41640 -12948 
5376 13438 33786 -52456 -16384 18052 -138 15286 
-21248 -2761 -21868 13551 6400 25263 -25066 16483 
-25280 -45461 25514 -13724 -2112 -36907 19843 -10482 
15168 17019 12555 34021 -50880 69698 38580 20358 
-14400 43769 -668 19872 -26304 -11779 36099 34578 
-31552 -43533 -8837 -8137 16320 40594 -19414 -16976 
17856 5643 -15754 14800 -62912 -41195 19497 16376 
15488 55898 -14262 -14780 10624 36500 17876 8876 
16064 20321 -26512 -57128 -29376 -35239 2011 -15748 
-10560 7198 8738 -22381 -8128 7962 -23329 -19029 
7168 31086 -14607 -30277 896 -4331 -17479 -36748 
-44608 35054 -28480 -18929 -33728 -13772 12005 -9087 
7616 -6690 5942 -41515 19520 5010 29499 -56425 
-10112 10484 28642 2006 -19584 -17992 -24656 -27992 
-18752 37784 -42728 -11003 -35520 -27144 -11531 -37127 
-2880 26469 61211 24527 6592 -34004 22802 -34912 
-3648 -6827 17114 57304 -14272 23167 -31727 -10404 
-13376 -28209 23338 8236 37184 -2627 -9699 54822 
-5312 9207 3244 -20818 -41024 36941 -27487 -18406 
-41088 -68072 14820 -11404 15232 -5542 -15070 18796 
9792 64278 -38189 -15810 8512 3915 10062 -8269 
-4608 -9221 25026 -34673 -23296 -60339 -1768 10053 
35264 19399 14932 -41136 21312 14427 54699 -19942 
-23744 4421 -17995 -41079 2624 18238 26710 -18468 
-19968 -35991 -491 -12464 -26496 -39932 20003 13343 
-26432 5898 17859 28244 -39488 23737 -932 -22919 
24320 -25206 44963 10371 -20096 15123 -2489 -47362 
24896 12827 -30863 -23769 -4544 17018 -19106 -3236 
5888 -2349 38582 -8279 19712 16413 6084 38417 
64 -66167 -17520 -33682 39616 32589 -27815 3876 
-35904 25355 -42782 -13016 10816 15337 -15499 33200 
9280 12420 3709 -18664 4160 -15997 -19692 -63625 
9088 26775 -3464 35981 -7552 2363 -1108 -7275 
-59328 -20544 -2838 -25887 -64 -23416 21549 -8453 
14976 28410 13392 21130 -28800 45030 50974 -9710 
17216 -11250 8278 -7603 71872 -734 -21359 10395 
20992 -38781 32021 29944 6016 -19178 39627 4533 
-13248 2777 41322 -4470 -1088 24855 12499 26414 
-55616 2363 6749 -13317 192 -31846 -8512 9376 
29312 51373 -13929 15446 41472 -24802 -9493 -5319 
39296 -37750 -14975 25939 40192 -16223 -25725 -26010 
-22784 6042 12433 -19641 -22656 20337 14761 43514 
37376 -13626 10001 19757 24192 34391 -26923 6218 
384 2305 33690 25625 21376 51235 -10830 -42365 
31744 -10711 3606 12997 17664 18291 72172 2703 
-33600 20282 -4781 5272 31680 57671 14888 -35921 
5888 18704 25337 34457 -9344 12641 19569 -29702 
-13504 3118 -11688 -33721 30144 -23588 24219 61191 
-10176 -14715 26427 9717 52800 23516 -4316 2630 
7936 5290 29377 14945 -7552 -16355 -13391 47290 
-5824 -61132 -14766 9777 22208 -26324 10853 -30529 
-39168 -16494 -22206 65198 33280 -26386 25278 8182 
34880 4148 13155 21804 35648 12107 -17370 28071 
19648 -7017 16080 5348 -7360 -401 63875 6296 
-18112 13369 -33286 -5802 -15936 35099 2623 -2712 
-10112 -14152 -9775 5537 61696 1671 13215 -2314 
5056 -33094 -29474 46119 -29632 8602 -10713 -2563 
-49472 -6921 6129 29003 -26944 -31716 -7992 -21942 
-7296 -16360 -23484 -38066 3200 37662 7762 24800 
-24640 -4321 -62632 -39468 43840 -9819 -18389 17908 
-1280 53570 10386 -37684 -19968 11238 4702 10400 
-26176 -51751 9970 36084 -10688 19877 15665 -27202 
8320 62695 16566 -6317 -1920 -27641 -6818 47915 
54976 -3501 16062 33318 -13760 -14231 35269 56528 
-8512 8566 39008 -20735 44096 -19470 -1719 -37853 
36608 -6263 6445 948 -17792 7434 31295 20299 
5312 30796 2196 42995 26176 -5980 -5063 -21663 
-22784 33226 -3276 38780 26112 29310 -632 52502 
-59328 -11118 4146 27941 -8768 47578 -10923 -6961 
11712 -11075 -16211 9745 -21568 -29160 -28332 30610 
-11968 759 -11808 -17392 -10560 10429 2669 -58902 
25216 16115 -5438 -43377 -18560 -7811 -6106 3815 
27904 5904 16418 4420 -6912 -12970 -60134 20308 
48704 -5336 30710 -8783 -7488 -44944 -11235 49773 
32832 -11493 4795 -11509 6720 9138 -23560 61124 
39168 -45113 24468 6251 -6400 -46967 -37314 19929 
-15936 35049 17737 38829 -2880 30142 -196 12358 
-43328 -25596 -9727 -15900 -26176 -20025 59486 2883 
7488 -1933 -52204 -44032 448 -27321 25777 -15886 
-39168 -8284 -16335 -41145 40320 -22315 19245 23692 
33728 -2198 -35030 823 23616 -31206 21195 -23731 
30400 -37652 49567 17372 1728 20711 6904 1871 
-17664 -20878 -28760 -4094 -4608 23018 13560 -66856 
8704 -20828 49488 -29766 -27392 3802 -4964 30594 
-20992 11510 17901 13897 44416 30941 13977 13270 
3584 -9367 -12712 28389 -31488 -40783 206 16411 
-9536 40350 5441 62888 -8256 4569 13602 -25665 
-20800 4400 -12055 -11400 -39744 50245 -27910 22435 
-47552 -19281 32307 -25203 6208 -39384 20324 -13412 
-15104 34394 40864 10470 -25600 19530 -65112 9588 
-22464 -4647 -26448 3222 -18496 19451 -72711 -2504 
-29312 -8074 -25445 -27429 13568 3893 -11135 -35928 
-61696 -23662 9341 -30725 -41344 38745 -6303 50296 
-3904 -28467 30674 22304 -10944 11377 29773 -12074 
11200 -10318 -18053 8780 9920 19895 18204 31499 
38720 -42260 -9980 -4419 -48960 -40122 -18825 25995 
-27008 -7140 61 43613 -49408 -14881 -8553 -21110 
13184 18825 -28065 -56200 -26368 14980 -4185 -15755 
-38144 -22268 -12338 9272 -37376 4006 7074 -49286 
-10688 61231 -20137 -8707 15936 14154 -5184 32002 
22592 -29721 22235 68755 -9408 -29600 -12840 18668 
39424 -24615 7898 -5739 -20480 55143 46816 -15315 
-15040 -38553 3840 42000 -9024 20735 10245 -9316 
-17408 -15294 44803 -46333 10368 1991 -20309 -10378 
-26048 -22174 -15763 37048 21824 -50831 -11176 7697 
40576 -30757 50376 10015 -15744 11745 -12468 -38069 
-18688 14018 33747 -6507 13696 6159 -23921 -51604 
38784 -22416 -19092 -30454 -14720 -20902 -51474 17728 
28288 -8385 30034 33073 3200 -9231 -582 -31285 
-14464 20760 -5739 -64425 -1536 2205 24827 -24850 
2432 -20423 1630 34381 6016 -80687 7610 -8291 
30592 -21549 3387 22646 -3584 -27162 7879 -23903 
9280 43207 15502 55688 -3392 -10401 -27101 -8136 
-19648 37776 -7675 28128 -12480 10949 30200 14837 
-3840 -20265 41434 -2393 -6912 -25099 -15952 -10465 
44992 25538 -3403 -2870 25280 2615 -17846 -14429 
25920 1257 20635 -4939 10048 25528 -27340 4694 
33152 -24909 -220 39367 -13440 10461 28700 27587 
3456 -7924 16705 10927 15872 26841 32195 -36538 
-35136 -9712 12398 23367 -15552 12306 20071 -39389 
22720 22239 -56315 46833 31680 11014 15020 -10452 
39680 -16517 -46971 -22342 -10880 23154 -157 9061 
-13184 -8841 -8076 11971 -23680 -22217 -11392 -8457 
27008 -32890 1112 16086 23168 23028 -31666 2740 
-24320 4876 -20563 -53697 12672 5829 -13751 5612 
5760 24892 13089 20699 38912 -6203 -43137 18864 
1216 8889 -5715 9975 -2880 -12260 -5240 -18192 
33984 -26282 25866 13805 576 -41460 -6433 16391 
11200 6163 -19280 -4066 34880 -23493 21715 -25134 
-15360 -3959 21242 9075 19200 -20525 26964 38957 
-33664 -14643 18113 47320 -43776 13410 -23799 -10381 
-8256 -631 33605 61889 -7488 -14868 -21320 11708 
17344 -3551 -12040 32944 45120 26297 -14985 29508 
33088 13522 -38941 -21726 -14528 -51043 8158 -12381 
768 24753 -23254 34771 8960 43213 31332 32421 
19904 43495 -12125 5817 -19264 -37604 15450 22260 
4096 32042 45638 -31700 3328 -22390 6186 21444 
26560 509 -348 25570 21824 -48215 -26481 -7632 
-19136 30396 -7058 21795 65472 -8650 -35111 10117 
28416 3155 -19972 16703 -36352 -50761 30586 40205 
-7552 -41376 -39099 4357 39936 6591 -7393 6428 
-12800 43227 -21714 -18665 12032 -22475 -38608 -23031 
19328 3903 17987 12418 24064 28044 5139 -52929 
-12864 7205 -26749 34203 -28224 -22276 -41778 -31530 
-30208 -59416 20964 -7234 4096 -11892 -34692 26258 
5120 2523 28677 5798 -5248 32624 10959 -17139 
2752 67884 5140 26109 -29632 -5628 28165 21243 
12928 21077 17400 2927 -640 26231 -34660 -25671 
-48960 2907 -33998 -10388 -18112 -15929 29729 49034 
-38912 3568 -52805 -16633 17536 19941 2835 -24634 
-7552 39707 -20312 7525 56192 -645 4996 -491 
-28672 -38503 -10631 -28562 15744 -27346 24283 41109 
-45696 -14601 12233 -37642 -22528 6204 49781 29633 
-7552 -38133 14036 52409 21120 12507 -4168 25619 
-16192 -16092 -6925 10872 11712 23111 5280 -21799 
5632 -22150 3809 -47569 19328 18573 52833 15800 
37248 48750 -10150 2458 15744 22324 -31620 60300 
43584 -19194 17616 21179 28352 -2248 5767 41427 
-17344 22396 17037 -23898 -31936 11461 7784 10977 
-49024 19313 -17834 29865 24448 -20215 -7538 24331 
-29248 -6889 -571 7755 43456 6540 2908 -24838 
12416 1643 -24024 -19759 -11904 -35907 -15548 -19269 
-5696 11960 48032 -21135 19264 45140 21129 23435 
13632 -41808 -4626 31667 -11584 -2604 6573 949 
43520 5213 -7920 -7463 -16640 12471 34630 -15699 
-11520 11474 21875 37071 -52352 5093 -3825 -11952 
15104 -35231 1621 37496 10368 7038 -6693 -17317 
22976 -19584 28183 16036 -29248 -54727 7096 -7763 
-384 19237 17920 -9017 3200 34089 64180 14669 
2368 -58311 46294 -730 -17216 20785 38323 29628 
6912 -5986 -359 -44465 -5248 -44775 6057 19198 
-62080 -28831 4855 -16632 -22272 31164 -12785 -2527 
15552 -38335 -6678 13282 13376 -26149 52229 2920 
-17664 23486 9059 -4479 -2176 -9397 -7017 11412 
-31616 15802 25587 -4105 17408 -3445 -32391 -34586 
2432 52918 -9691 -31295 -13056 -24485 -6077 13146 
-39808 32804 67710 -14012 38272 -5806 17140 -12372 
26880 6021 13727 1874 -17536 -24158 50429 -15443 
-46976 21579 -31662 -3999 29312 42263 3426 -7067 
-30784 -22191 -48432 -26 21312 -3223 -49309 14368 
-28992 17127 -25367 -11125 -23872 26650 -20864 -11256 
-28480 -20397 20328 -12508 4672 17251 4971 46706 
6592 -32915 34428 -35206 -13760 -12143 -57549 -26170 
-1408 -28818 -28938 -10974 1152 27028 -49236 -19476 
4544 -3440 -13793 -532 -33856 -39531 22024 -5975 
27200 3800 -40230 -11751 -60480 21622 -34115 -19835 
33856 2204 -11844 -7819 43200 48218 -5433 58913 
4416 31463 -14389 4895 38976 11090 17032 55746 
16832 11995 -19654 17350 4416 16735 -67003 20410 
-29184 -38140 -31534 -26546 51456 -26708 17682 2350 
16576 84955 -29921 -9793 -12096 -13174 10098 -10150 
34880 42864 -8695 14064 10560 -30953 35280 27173 
19456 21136 -6077 -59259 -7296 -19977 -23049 -3908 
-42368 38928 9548 -4592 -1152 18594 -37474 -19554 
4928 -35873 -21171 83027 8768 16136 -7802 12914 
1664 39580 -37431 -14605 3840 -5345 -30337 24820 
-5312 32728 -35308 -36905 -35648 -6530 -7721 -46699 
-37184 43111 54465 5083 -7488 -9766 -10300 -2828 
-49856 -8768 -24054 43191 -12608 -372 15897 14389 
20288 46191 4679 -42027 21056 15484 -7832 13282 
-22976 22949 11876 -12248 58304 29511 8997 -11462 
33536 -27214 3711 -19033 -6272 21071 31687 -43938 
-18048 2031 17973 -11276 13824 63902 -35299 -2623 
-40320 -7995 -22897 -26164 -5120 34008 -1549 -8275 
-16832 -52470 10208 30355 960 -1410 -17169 24275 
-28800 -11924 19486 40096 -31616 31978 -17188 -23408 
-32320 25838 -17363 -32262 -5696 53009 -9306 -13689 
11008 -33692 -24345 -30513 -2944 -19029 -7305 6606 
8960 20181 -36081 11908 -15488 -25276 19753 6937 
4736 -35303 5158 -4889 -12416 58443 15846 5079 
-42496 17680 15532 2532 -50688 12396 -9436 2280 
-12096 25921 -13772 55004 13632 -22893 831 -34618 
-24832 -6453 577 -11012 -39808 -6026 -28841 -19331 
-29824 19312 16134 -14564 37760 38948 10548 -13596 
-7552 31402 -13789 23159 -38912 -36443 18377 -6536 
-22848 36967 -28035 -3879 -2368 8108 13480 -2716 
14400 33934 2899 -24688 46656 14661 35378 -11887 
-15616 25453 -23321 -4978 39040 -11804 -40587 -38299 
-26560 -331 6890 -4674 17344 21623 -24525 5898 
3264 -7360 9591 8376 33216 -27637 64512 17225 
-36608 28410 45680 18438 15360 -19706 -3460 -22180 
-16704 13208 4269 -35798 -51264 -15159 -22802 -19709 
13312 -5068 15069 -29625 -37248 -18185 -23147 57774 
36416 -12327 53584 -11720 -24896 17155 33793 -9564 
18368 5055 -20354 32706 -23232 -24317 39197 29850 
4032 11107 30580 45112 -38592 721 -3205 -7896 
-18240 -2869 27978 28384 10560 -23503 -16759 -68 
9024 46311 66797 -26309 -35008 8208 374 36612 
-39040 -10453 -4497 -25060 -32256 37720 -14869 35849 
-11136 -36334 -51341 14105 -47616 31095 10373 36072 
-30464 -12739 -10963 32754 -7040 17952 24139 -46553 
-8640 37180 -13018 13331 -32064 -34972 13189 -50485 
38464 -49028 1120 -19735 -3136 9860 18335 39709 
-14784 1815 -810 23122 -18752 -49539 -34965 -13920 
-4288 -35971 28442 2096 -20288 5233 2179 41458 
52992 43877 2549 -23460 -13696 31740 -34297 -591 
-47168 2063 67709 20601 23232 12658 3728 8936 
-18048 7766 7797 -16933 21504 10211 -6381 -52058 
-19008 6807 -5767 -10303 -4160 -35464 50356 37884 
448 -2571 -31342 11880 -14272 -25525 -34599 2008 
34624 8798 -1811 -9146 51264 -25333 3948 -29199 
12352 -49666 35318 11909 -2112 -22928 -21859 -18107 
12032 1403 22515 -27140 8320 -34260 -14395 19481 
-13184 57527 25681 -5994 4864 6218 16957 24519 
4736 -33387 14074 -5925 11648 22725 30758 9741 
-5952 59873 -24747 8291 26816 27088 11356 -8424 
-21120 -11777 -15348 -39515 -10880 19045 -10996 53661 
-15296 -56424 44487 -12402 13632 31379 -10486 13117 
36480 5176 -32451 -6185 -58624 5435 4563 -8568 
6976 60586 2546 -22023 -7744 11236 -25423 14067 
-25472 -32621 -17310 41593 -29056 12169 13990 21643 
-18624 -18567 -968 10490 -47424 -46015 23149 -17514 
-12608 44306 -18487 31738 40640 -13811 -23994 -25333 
-8768 14163 11425 5175 27072 34400 74380 -35394 
-39680 34394 -27509 -4373 -41856 -64249 -11833 17088 
-44544 -24005 -13915 -4554 -12160 -25312 47315 -17905 
-24448 -1019 -26698 44169 24192 31197 20174 -22143 
-28160 13677 40312 -86165 -21760 -44545 12554 -401 
10880 12211 26743 -39604 0 37638 34971 -5783 
11008 10275 20906 54071 -25856 4723 5912 -12275 
-41152 -39240 -11642 33151 -10304 -45822 2741 -2915 
13568 -25051 -15745 7424 -33408 -4048 9245 25293 
40512 12252 -22052 9009 -17984 -4128 3551 -4971 
-31104 28960 -17700 336 -12672 30298 54450 29140 
-4224 -6498 22791 -21213 11008 12561 20437 38084 
-28416 -25589 -3405 12944 -9856 -57788 -20115 -3013 
23872 13110 -14967 -52488 27456 -20669 -8464 -19815 
-7232 -4064 30664 12671 17728 19728 -38867 43117 
-18816 -44523 -40880 66525 -13696 14015 -18520 21389 
51776 -13123 -18258 -8832 2240 11049 -22021 20464 
20160 -23139 50339 -3139 5312 34928 -33982 -47868 
-12992 8343 44176 -7422 14016 -14451 917 -45344 
20672 -26521 60350 -17296 -10688 27877 -8635 -19542 
37504 -56510 -10164 -29342 -27776 -3326 26162 -1730 
-5888 -15251 9734 38525 22272 -11165 -14712 39693 
-25536 -23579 36979 -731 -33472 44342 16828 42842 
27008 -40269 -16912 34637 61056 4331 -1024 -10183 
-59136 39469 -5986 -27423 -11776 -33149 -38492 -27517 
27136 -5807 6077 13162 -3456 50446 39419 41931 
25280 -2205 42261 11597 -8256 -1584 42392 8830 
-6400 -925 -41485 11190 9600 -4820 -5075 10445 
37888 15223 234 -11939 24064 54263 -4632 53111 
64 -38703 -8056 25988 10432 -15871 35853 -12326 
-16000 67598 17187 -1663 18176 1221 -34851 -30114 
7104 -14777 -23476 30580 -21696 12595 -40457 -1174 
31744 16658 7940 9920 -8192 35510 20800 40236 
-7360 13387 15939 24147 22848 24226 -51072 7024 
-3456 -2276 19116 53610 -12928 24720 -19518 21278 
-6592 14795 -24298 -5650 -4160 -11915 33739 -3010 
-12096 4560 -20465 -33936 -24384 43777 15580 14365 
10176 -22943 8624 -64432 5696 14179 -46257 -4366 
-12736 -33944 -22114 -33427 31168 -16096 39617 12867 
192 26912 -29441 12162 -2880 37751 -18292 -10211 
-12160 14180 23809 -9265 -10240 10615 -60577 -10050 
-41216 4480 5459 -24539 -16512 -9967 -31457 -44520 
-38784 44464 -43396 -38704 9856 3558 -24542 -18472 
4608 -6316 -7282 -7094 14848 -9602 79086 6558 
960 19004 -7666 31047 -16320 12356 11763 -11427 
45696 -35952 15281 -3107 -6656 589 -11813 3686 
-4288 -25065 16225 -30961 -17344 20492 3290 -10110 
19520 -2658 -32765 -19946 8512 -56383 -24270 -15051 
4352 23079 1638 -3053 -81664 1211 316 -5707 
-41152 39237 -21591 -32845 -34240 -2790 -9562 24614 
-4416 19858 8778 -34407 4672 14584 22051 32591 
-384 -15007 -23321 -7866 -9472 -3738 -24217 19391 
-13888 -18992 56297 10084 704 41167 -10886 -3949 
-22912 -20469 -2600 -73431 11648 3027 29640 -6403 
-12480 12604 18749 -33036 29248 32197 18388 -25737 
8960 4434 -34500 43452 -10240 -604 33160 21468 
14912 -30878 -22184 -8811 16320 -42268 33867 -30281 
-14144 25054 27076 27839 -8128 11382 64897 5833 
4992 -5745 26828 -9919 38272 22203 -28204 -5365 
-64 -18744 -9223 -12494 2240 9073 -56266 -5833 
3520 -19018 -14010 -15081 -24768 -18478 -15445 22879 
5056 46380 -15330 -5371 -27840 -24378 25795 11575 
15040 28144 22955 59806 -23616 22063 -14500 -45637 
38656 -6425 -25142 14473 3584 18059 17496 14305 
42944 9229 21686 -17328 6720 -3749 -1343 16288 
-12224 14805 51405 36009 -18624 19172 -11430 10010 
-3968 -8309 52450 22093 58752 -20221 -8610 33447 
38976 32876 -10242 38057 -14144 14686 -13219 27447 
-5248 44519 -29523 -5576 14848 -21768 -29471 33743 
8448 3378 8761 -49283 27776 27461 6857 30466 
3392 -15014 26693 27294 42304 38597 27356 -48783 
3456 -22862 73212 3682 18816 7236 -2366 29806 
21888 -34078 37880 5724 -2176 -4848 -29130 -1056 
-55168 16813 22027 9796 1280 26378 4919 17741 
-27840 24631 -16192 7008 -13632 -16561 -59979 -25468 
19776 3473 -42731 9141 -7872 -30242 -43582 -8054 
-8192 -12867 5829 -17346 -9600 -9488 -12757 22481 
16576 25735 8135 12035 40896 -22630 570 -63700 
-19968 8381 -67277 -17294 -8576 5858 36201 -2823 
-5696 8989 53472 8874 28736 -343 -11421 -18902 
-49408 -4512 17911 -13193 -33408 12171 767 2776 
-11136 74360 6722 6216 16256 -10542 -10496 -10920 
-14848 2672 -45451 -8509 -13952 -38227 5433 23794 
-32256 190 -15870 30088 30720 4744 -22070 -4160 
-43712 -11399 29949 -15273 38464 -8314 5298 -29058 
-18560 30245 -3146 19347 25472 15631 -8662 -65135 
-10816 -20035 -61036 46154 -3008 -16943 7943 -2950 
-24640 -5588 -16461 -55984 30912 17413 23628 -35621 
-53376 1372 -5859 5169 16384 -23153 -13093 33374 
-26176 21737 -50996 16876 -704 -32537 -27937 -23536 
17664 5582 27478 -16336 38656 15302 29866 35854 
6400 30741 -2658 54979 -19456 -43783 4764 -22213 
-47104 18767 -8015 -39254 -27776 23988 12795 34929 
-22592 -19988 3115 2112 -53824 -31079 2140 -18711 
-3264 19289 10238 18138 -58176 45509 25051 26028 
4672 54527 -2866 -29062 10432 10299 -42957 -20766 
-11456 -39700 37489 22026 6208 11793 14288 -12895 
-62784 -19774 -27733 15932 17344 -25579 4144 26957 
27648 10198 53797 -24253 -38016 -19429 9429 18346 
2048 38690 -41018 -21366 -46592 -5208 -19566 -21650 
17152 3841 -29314 -8979 9984 6463 48032 -42623 
-18816 -38430 10683 29773 -3328 9569 -14399 -15360 
-6336 -15047 4169 10455 -21184 -70440 11078 -12574 
-2624 133 14491 18453 14016 24334 -40458 56556 
-27136 48449 -20252 -11169 -1536 23923 7586 -12047 
-5248 -59076 32799 191 2560 44123 13733 -10922 
6016 44490 10705 15297 -17664 -17249 -30365 26050 
-24128 8425 9994 41986 -4032 -1397 -55327 17270 
960 15817 46595 13899 14528 24992 -58090 -816 
-55552 -8228 31554 -9462 -21760 554 -11362 8714 
23616 -25081 21780 2220 -13120 48825 -17475 -50932 
-20928 9422 -42401 -16452 -6336 -7581 -4782 71069 
-7488 23484 -1528 16385 15424 59150 9889 22073 
28608 8218 8264 -16283 21568 -8604 52793 -25549 
12800 11683 24628 40987 -29696 26151 13246 11751 
59648 21935 -23479 -15554 3456 508 -47953 17015 
13440 14153 36148 21231 23936 -14777 3056 29961 
7296 24108 -7149 -44565 -5632 47745 21257 -15634 
-8256 -31328 45275 -9554 -48704 -4787 -33220 -19481 
-4480 -27795 20693 -3538 -3584 1086 38461 49735 
-35136 -5451 9265 6571 -31296 15468 13880 20598 
7040 14891 8440 -18751 -9600 -1013 15100 -49523 
-14208 15329 14932 33427 -14976 5721 -35336 53163 
-15296 22724 -16584 4371 9920 66548 35507 -28727 
-3584 52055 -5667 -50452 -9344 1844 -24449 -20465 
2880 -354 -21291 4202 38720 -8309 36128 22007 
31552 15782 31309 -61210 20544 34755 -6932 -10851 
-5184 -5632 13098 -6725 -37824 24790 -20649 6451 
-17408 -6158 24710 1120 -13824 -13130 -65610 -13486 
13056 1597 -31195 -8344 -28288 92268 21675 2479 
34112 -16721 -21488 -8170 43968 16935 21349 -1952 
-11136 -19193 37092 52477 8832 38401 -6396 5249 
-14528 7742 3967 -28626 59456 11287 19274 -21261 
5952 34501 -33099 -24099 -46784 9828 14242 -41368 
15488 -6939 38326 6927 -16256 26271 59422 5497 
47040 -55824 -11292 -24251 2880 34902 15121 -2163 
24512 -14319 10602 -18894 8512 -4497 12389 11272 
22592 -18996 -34123 5990 -12480 20145 14784 39993 
5440 27799 -17460 3390 50624 -16845 -41595 -4112 
-37184 -15251 21611 40197 5824 11436 -49598 45688 
-61312 4328 -16979 32451 27392 10243 -23833 19656 
-31680 14431 -48960 -19644 -2880 7203 -42635 -10378 
-4352 1387 -11037 18582 -34944 -9084 -2519 18249 
-5888 -26703 31493 -2500 -22912 -25440 -2809 -68791 
19712 4110 32937 -1575 -8064 9495 -34331 -13820 
24896 31 37913 257 -34240 15296 53326 -15548 
-15488 -60344 -18979 43121 -25856 3623 -1033 25132 
1600 -7193 -4260 -45180 14784 -27745 4365 11844 
-30528 -18383 11936 34854 -38592 60497 11587 9094 
25984 20715 -32443 2722 0 -6514 30009 -20525 
-37696 -479 -20426 28516 19008 48773 22993 -57648 
8384 -1311 8684 53534 -56512 4237 -27297 558 
-28672 -10577 1714 -28729 40192 -9047 4688 -28599 
-24448 -18097 -33691 -1462 -26624 35534 -10767 2721 
40064 8654 10304 2162 -45184 48976 18078 -14792 
-4224 -4247 -14138 30805 49536 21565 -5146 -1739 
23552 50461 -52866 -29661 -10240 -22063 -21352 16357 
24192 16187 3921 -14268 -15872 -10344 16197 -56151 
-31872 37747 -31475 -22842 -16128 -7276 15045 -7681 
960 -5133 26405 1765 1728 760 60760 14254 
-23552 -22386 45740 -41810 -49152 -14890 -49980 13718 
-17920 -14618 -5656 -26924 7680 -1052 33048 -32866 
7104 -57173 629 -27731 6336 34922 -10772 -5616 
-4736 25734 -57718 4552 13184 31276 23484 -5582 
-2240 -5549 -19222 35196 19904 -28437 46591 17712 
13312 17217 -29794 -21279 12032 -17747 -5428 -16531 
-8704 -70412 -471 -3349 16256 -14077 -22787 11216 
58816 -14673 34675 -5825 1984 -5860 -26970 -21716 
-11200 28902 -27070 31565 -1088 -14410 -795 -50701 
-8192 22863 38888 -14637 21504 -40051 1286 -6679 
-17216 -53061 -9091 -25009 -12864 16928 28008 3508 
-7104 -53380 57489 16730 -51648 -9595 -17272 -30525 
25792 25089 3013 40329 -15936 34072 -23544 24608 
10688 -12181 10364 51358 24128 20629 12483 20048 
-10240 -40490 56603 6359 7552 14017 -23869 350 
35456 -7083 21865 2554 36096 14262 42125 -36411 
36288 1233 -39733 11555 10176 -45520 -6386 -41494 
22656 20921 -25592 14309 28288 41977 38996 14487 
23360 2831 6345 31837 25920 44396 -8490 -26318 
-26560 -29014 26496 17329 44736 17962 -3793 2407 
256 1709 -66704 -12147 -18432 6529 -29918 14303 
-40384 4507 18202 38300 -6720 14765 40339 -24076 
40384 11802 11705 -36056 -24640 -37223 48270 -37171 
5632 -3473 -11461 -54686 -1152 -17098 7553 18249 
23488 -37482 -9640 -34375 23104 -26650 -25975 26401 
5824 -21046 27117 48212 -2880 42251 33654 3343 
-15616 -29369 19339 -6466 17536 722 16573 19497 
-5248 15087 -64378 -31181 896 39357 -2086 24989 
-14464 -30517 7470 -12379 -26496 22283 52350 -1889 
-11648 -26438 -8250 13388 2944 37324 12200 -22296 
-50496 -745 -18261 -6607 3264 -14966 27778 16480 
2944 8699 30432 20899 31104 -18873 -15596 45273 
-22016 42210 36312 6662 2304 -29904 -23696 7250 
-640 29149 -15386 -59093 -33920 20561 -45922 -14717 
-32768 1934 31500 -57666 20736 -28638 1040 -43892 
-7232 27515 -27933 13367 7104 47896 22794 -20960 
-3136 -33049 8651 26537 34496 -41204 13022 16952 
19712 -7837 10282 -30083 5376 45341 66784 -15059 
-34176 17028 -11986 668 27264 30544 -2832 30636 
16064 5975 -8560 32506 23616 2133 -28465 -17590 
-52288 -18019 -1696 13794 -26048 55587 -637 -2308 
41216 -35759 -13531 -43970 2176 -24470 -40877 1597 
-8896 46411 44706 26498 -3648 -19581 -44413 32722 
25472 -27002 12056 25720 -896 17060 8582 24746 
-19904 -27440 42576 -33875 -1088 22720 2787 23445 
71296 35884 3120 12922 6272 -35034 20090 -2582 
30976 -27444 -13234 11318 -12544 -32356 -27238 8132 
-31744 14069 23059 6416 -17536 -28902 13453 -53287 
34112 32867 -7693 53835 25408 -14120 -47516 -20026 
38272 -25972 15707 38103 -23552 -61511 -11431 14436 
-67456 -16860 -8028 -31332 31616 5264 -6046 -44640 
40512 -13290 23904 6599 23232 -3908 2183 21055 
-4608 -2939 -3203 -38516 19072 24052 20799 -28053 
-40064 -2863 -22038 -11083 -25728 28141 -13306 24589 
37248 -9098 19740 2902 -28544 -3454 33610 19014 
-4544 -14915 28287 -29591 -21440 19162 59604 14300 
-50624 -52335 4520 -6808 -13632 -5569 28685 -140 
12032 31273 10552 -13833 12544 25781 70254 -21249 
19008 -21897 -33516 39600 9664 19355 -53687 -12424 
-75328 11141 18954 12354 15936 24487 -6867 -4438 
-7360 -50146 -2986 26393 7104 -6806 -31767 13213 
-14912 52035 13116 -8636 -23232 2427 -8413 25930 
24768 -16926 -7284 -7191 25664 30782 -21403 15023 
25024 -17131 34391 26561 5056 -23672 -38138 -572 
15872 -40610 -3671 -31615 -6528 27795 13693 4890 
-64 19280 6224 -79479 -18368 5758 -35267 -31005 
12608 8383 1080 44264 -14912 -16143 -43415 -17044 
-26880 -4291 23405 20132 -21376 23816 54035 16053 
15616 -29254 9132 12422 -7168 -14424 -1956 -11918 
-60800 17497 -1312 18211 -25984 -20757 -15164 -31741 
20992 8371 8448 -29313 -11776 48281 7806 23877 
-27968 12118 -37335 9850 26816 28485 4910 -33849 
32000 -18129 -38547 -25956 3200 -26038 -3209 14677 
11456 5019 -21397 26215 -21056 56510 5906 -41012 
-10240 4931 8439 -66386 -7808 -7148 9873 -18813 
35584 -12944 19905 10985 31360 6085 -20655 -14268 
-51200 12601 22316 18007 18688 52161 -23258 2797 
-9152 -24089 -10136 -7248 41408 -17489 633 -13308 
4288 33307 -8875 -39127 7360 -29306 -21600 22594 
-52288 -22396 27768 44335 -15808 36210 15101 -7207 
-27904 -4821 2027 34480 8832 -30120 20109 8933 
6464 -30644 -9553 -58048 2112 14371 35894 -30093 
14784 70603 -38286 11952 -4544 -21439 10513 3136 
18944 8336 10683 7999 -16512 8687 -30769 -35378 
-16576 -18233 37659 12187 33088 6776 35268 -42626 
10304 10640 32211 -7414 4416 483 -6738 17165 
55552 -4837 -17331 -8696 -640 8522 -30297 13111 
-14016 10491 20043 28713 9280 -17316 -44164 44042 
-46208 57776 30290 8928 -24704 12834 11560 16282 
10560 -16004 -7592 -21733 -576 -24984 -76169 1677 
41728 -15903 45038 15507 -3328 13491 29396 -4341 
34560 13702 -29784 10670 12544 -39970 -2268 -54966 
-16704 24770 -35343 -31442 -40000 -9691 5774 -33975 
2240 -43470 9933 5110 -28992 -8135 -14034 -63645 
-39104 11839 -9543 29869 -14272 23012 39054 -28032 
1728 -45442 -50816 46891 -6592 17178 -20167 -17719 
37056 6834 -2285 -21348 47040 -9669 -1780 15823 
36736 -30534 3534 -9846 -2944 5932 -9512 -3498 
24576 15830 2596 -10064 -35328 -50352 47672 -15290 
-14720 7718 -3667 45875 -35584 -20395 -14509 -43544 
-64704 -13623 -23853 18597 42048 -16644 -13896 25224 
-19712 49678 5495 53377 128 -5859 -6985 -52644 
-6848 -45894 28363 -43500 1088 17595 -17874 -27903 
16640 33051 18759 20936 -17024 25928 -3007 13087 
33024 -1939 18375 10846 21120 3838 52445 26747 
-28224 -19463 12595 -43167 57792 14254 2110 -34446 
-17600 -2762 22434 30491 31680 17538 12393 47551 
-13376 28298 36700 3043 -11968 1974 -17315 -43099 
-55680 -30795 -27593 33200 -5376 -4270 -25281 35085 
2368 -27645 30941 26819 23360 21872 17562 9860 
-3968 -34477 -36503 16114 -14592 -13148 -8831 -36199 
-38272 -13549 9024 22683 128 -11211 22848 -17693 
-10496 17745 -10699 -62468 -51584 39576 -36493 -1275 
25088 61143 12512 20797 -45824 -1369 34814 -26489 
16768 -13511 2680 43305 -4992 32635 28380 27063 
-46400 -47532 -4278 23427 -33728 7686 8499 -7679 
-15168 -11192 -29089 -57908 7360 -6779 20912 32361 
20672 2052 -30199 26220 -18752 45395 -18818 -22671 
25600 -6156 17727 9917 -39296 12711 21199 -18122 
-14528 -10818 -39802 38805 -11072 7060 9461 55429 
-41472 41433 -11477 10656 14208 8738 -10599 15761 
-27200 -29419 19628 662 14912 53351 -19789 20732 
19776 -2704 -28660 34609 64448 14532 4235 -8573 
34432 -14106 -48446 -7552 -42112 2384 288 -812 
-25792 11848 42737 4422 24384 57441 -23276 -8829 
-29632 9718 -31182 40801 42944 6428 -16779 -579 
-17280 31296 46817 11475 14336 -41215 13699 2392 
-25728 -5049 -13194 11995 -32640 27165 -14598 667 
-48448 -26062 -18609 22496 44224 -23497 -6888 29481 
24000 -503 52180 -19352 -28352 9049 45215 6414 
-50048 66317 17559 -6596 -7680 532 27043 37629 
-11264 41070 -1524 9546 -6912 -26732 -10128 59930 
1152 -35010 -18192 27996 -26240 -15992 -28994 -26970 
16256 -620 40346 -22636 1408 29072 26572 -15880 
-31680 -9231 -22674 -65798 704 34641 9987 -8602 
-17856 -5871 20065 36033 55616 -10696 38090 20378 
-8256 -19713 -5513 13541 40128 16008 2934 28824 
-3776 -6148 11330 -22255 -10560 -17430 52545 -49991 
-10176 -7421 -16650 21420 -40000 -17075 -31185 -74392 
-43520 -1676 -36126 -1198 16128 -18514 13718 11928 
23616 -35282 -18562 22769 -12096 -6418 9601 39501 
-24832 -5430 13698 -11294 21760 37168 -2934 -30150 
14208 4064 -42232 -20198 -25472 -37004 2786 -37482 
18432 -60331 -21783 -18568 1664 -34184 9979 17843 
-3840 -30563 12020 42811 3328 -24097 -15890 10269 
49408 5802 -42926 37700 12544 41180 25758 30424 
7680 -3870 25519 -7865 -10624 -69815 21423 -15920 
-12224 -1428 -15950 -47561 28608 21842 -22795 -8741 
-45248 7148 -12365 12678 -1216 -11481 -27650 46791 
15744 16698 4852 4810 -58240 3030 37014 -14814 
-7424 -5144 -32177 -38545 60032 2595 12571 -6498 
-18432 44149 9179 16076 15488 20618 -18207 9503 
-23552 -6791 -1299 -19106 -3200 -9328 20047 16543 
-48256 -12874 -2256 27564 -22912 -27678 -22082 -168 
2368 -1276 -17444 -19957 -20032 -6706 -7073 29343 
26240 8998 -45736 22098 7552 -3946 21778 1546 
-10240 8449 -5750 17645 -24832 11405 49180 48133 
-32960 16670 -16379 -19026 4416 26757 42992 8425 
-7936 -22600 -33249 40823 25472 26449 -24973 23990 
-37248 14946 6204 -50230 -40320 18610 -662 25292 
12608 34986 16521 -25716 -2496 -29423 28072 14957 
-1600 -17810 45169 -23940 -4672 -15595 -30702 -11775 
34112 -9169 15875 -7255 -26048 17400 7280 -34758 
11712 12928 -32133 -16036 56512 1737 21564 2731 
-7360 29561 12875 29023 -44480 29654 41480 -2048 
22592 -11118 11518 56649 23232 -13158 20281 -4951 
-8640 -5176 -10615 24106 -29376 33003 -14860 -60597 
-24896 -77 45370 34530 3648 2885 4985 -8084 
-26688 -50605 28011 -18671 15040 -2738 8402 44350 
2496 24136 -40389 -33202 47808 11759 18772 13107 
20160 -21355 69075 -19567 -31040 9304 6490 -4040 
1984 -13502 -20216 -29769 -2752 9398 23873 22441 
31488 25010 -31502 -26232 27136 -20466 21246 -21480 
23424 24501 -27762 -16119 -24960 22703 -8294 -30723 
13824 -15254 -19750 -38738 15872 36556 28710 22442 
35968 -56131 -26118 -10949 17536 -3057 -25726 -15767 
21120 7627 15537 -14302 10240 56024 33069 -9581 
-10688 25418 -51779 -13420 1344 6315 -44548 -2669 
-12160 13110 -28382 -11298 23680 -13124 8596 -38160 
-58688 13825 -13638 -24276 11328 11207 -19031 -53250 
-25152 18760 32333 20038 -29248 -2741 -40214 26995 
15808 -1357 4706 25358 24896 -2431 2337 4076 
-23296 -6345 21228 -40419 19200 -4257 19266 -19375 
31744 34948 14079 8647 19584 11031 7783 -59144 
19264 5535 31087 4207 4928 32446 27684 -36020 
21248 12981 16510 4523 13056 -19341 44240 17027 
-10624 -8583 -37356 1775 -15744 13905 1548 -43011 
71488 -2009 -9631 -12775 -18624 -5350 4698 -33248 
-11008 -38217 -31764 -4875 37376 14635 10482 -28789 
-7680 -29955 10010 41197 -25856 -8099 20120 -4995 
21760 -22754 70751 19545 -1152 -18895 -31933 -1278 
8320 11478 24830 -11834 -896 5998 54160 -9554 
8192 -15354 -47660 8204 -7424 -35888 -160 -38488 
-35776 527 8891 -12639 2368 -27482 7012 -19496 
11392 6167 26015 9960 -33280 32630 -5185 -3291 
62464 13504 -36616 -11270 -4864 -5740 -26532 8028 
7616 26711 -29274 -23028 7744 -11879 3377 47372 
-768 -7043 -28609 5548 -44928 6554 -15663 -46971 
5056 -12000 22696 -64321 5184 11872 -9583 -34705 
-16832 -24411 27003 8829 -17856 -5968 -5644 -20742 
15232 21416 17264 -15280 44160 -34110 56598 54662 
3328 -64796 10033 -17093 -45184 -15459 42121 1768 
-16768 6785 -51650 59295 21888 9305 32230 -13135 
9152 -18542 -60226 -2249 9024 27318 -30757 14711 
-11456 2954 -8685 9214 22336 46347 22070 -44527 
8448 2405 1178 -16929 34560 -29337 -14084 -46965 
43904 -34162 -1773 -13127 6912 -11791 -2051 -26714 
-18432 -29580 -18441 6407 -54656 46651 -20917 -32660 
-22080 -14612 -4242 1803 -63680 20464 32971 22891 
12480 18666 26013 -50372 -5696 19449 -7454 2187 
-10176 38751 22735 5689 11840 8672 -51280 -5768 
14720 9333 -2965 24542 -28672 -4104 4335 63541 
16448 1226 -3172 -7259 21440 -6272 43691 7107 
-19840 -48736 19391 1831 -43264 13983 -6283 -18282 
18816 18345 -7859 14556 46848 55048 -39403 25595 
33344 31775 25110 -14966 -15168 25697 -29245 -2200 
17920 -4694 17127 -25649 -43136 23023 -4701 1032 
-15040 35695 27644 38970 11968 -8125 -43727 12670 
-60160 -27941 29272 3181 -256 48913 -38386 9623 
-17920 -32843 21240 -12701 14592 20677 -48970 19269 
-19712 -26336 42141 50581 27008 4013 45397 -24862 
-6912 43608 17520 -11542 -7168 -25126 -29480 15866 
-18240 -26609 36606 -12906 11840 30257 -33923 -31408 
12672 -28391 -18562 -53521 -8576 18267 -14954 25163 
23616 -20346 -3316 -12145 5056 -32250 11283 -43597 
-9216 155 208 -10205 -6656 41225 -75054 -32655 
-56960 -16040 16475 2145 -12800 28065 -24115 38570 
-10240 -1846 23426 51836 13568 -11062 32842 -16652 
-19136 -7350 -14000 -1847 -37184 -29246 20455 5045 
-29376 12817 31159 9721 13632 -29022 11148 13824 
-19200 -8883 8824 -3715 46592 -445 8758 -57251 
18368 21035 -14817 20607 -41536 16156 -10174 -16680 
14528 -7350 -18760 23607 21056 -9884 -26775 -23205 
27008 28655 -17346 -9739 4992 10263 -43222 -11415 
-43136 -11121 -14070 -11191 -28544 31457 -9850 78193 
-22400 36912 -16529 24539 22784 12557 36517 -5136 
12992 13460 65111 -23424 -10048 32123 -38028 -5085 
-21056 16299 -20122 39954 24640 7777 40481 -13462 
-5888 31232 -26527 -22395 46208 32065 13641 38844 
43520 -30701 450 26425 -6144 22845 11240 6613 
14144 -12656 -19514 -9903 6592 37606 -22763 23703 
-56640 -23438 -15335 28804 7616 -4603 16030 -9801 
-23168 11236 11115 38787 -21504 781 -48135 11532 
36224 27162 -15052 28214 19328 -15528 46526 26734 
-14272 11439 -11585 14277 -4544 57616 6020 36648 
19136 27048 9921 10118 -1088 16289 -44018 -35969 
16960 27641 19377 18033 12096 -19766 10574 -29328 
27648 -9607 -16462 17841 -3072 -41657 -22524 -47599 
45696 -11220 -10594 9414 61056 23222 37612 6560 
-67136 -4395 4510 -7630 -13504 -31695 -7215 3130 
-23296 16424 -56929 -30225 30592 -27065 -10393 17228 
11328 36956 28978 -18405 21184 -48110 4581 38517 
-40640 -2504 16006 10511 -6976 -4862 4477 13967 
-6080 15868 3390 42461 7360 29498 31745 13851 
27520 5291 -7813 1126 -20992 -47302 37339 22117 
-28288 -63303 5853 154 -6144 -28148 30841 -25461 
55168 -11454 17244 10954 -30592 -39878 17538 8682 
4608 -619 -8377 -13936 20864 -32318 19541 27297 
-32000 23743 -31726 6349 14592 27367 -20072 -13409 
22592 64851 2992 -5376 -15168 42137 -2351 7952 
43008 9244 23125 -28643 -11648 -27489 14665 15468 
22912 20591 -28989 -67792 18944 -16686 11587 -11173 
4288 -7585 -18722 -34180 5184 -16425 -8219 -47720 
36032 -40268 7770 26089 -9920 -60078 -8365 -4391 
320 25322 8166 -21199 43968 35618 48017 -19211 
-28544 14698 -7990 -3176 34432 -47678 -36600 -22264 
-13696 126 -31611 14301 -43264 -17117 8083 -30508 
-31424 -11731 -28178 -14750 -10560 -5085 51779 9158 
56000 20742 3207 -5292 -16960 13409 24664 -331 
704 9806 -11476 -2571 -9920 -21008 -29927 -49253 
3712 -39352 14678 1136 6528 40708 28456 -46054 
-35776 -56313 -6938 -20488 24000 28691 -46301 -46 
23360 53257 -31022 -24988 28608 18721 -15329 23884 
10432 8796 -30823 -44176 -20032 -47593 26274 -9433 
26496 39027 -37090 6361 5504 45613 16850 27279 
-43264 12653 31611 41590 12160 15730 -8083 32601 
33664 10785 18637 -8788 48128 -22674 -35011 -24185 
14080 19486 168 13732 -69376 -2744 -5844 12282 
-90176 11536 6487 5268 5056 8879 13464 23947 
-18112 1344 -6747 25898 -37824 28959 35336 48443 
-3520 33505 20114 -76606 10944 3057 15923 -7410 
-256 -13959 -27464 33879 18176 -53773 -5798 -27403 
5696 -46963 -5702 32136 -13120 -23277 -2769 15494 
-40704 38103 24523 19922 9344 22156 37361 36671 
-28736 -22675 26249 -24687 -23616 -17086 -34372 -13220 
6912 -41852 54685 19925 -31104 -995 1925 -8964 
-448 -7530 -17595 -58998 -1984 -11619 5780 19325 
16448 20056 38941 1256 -46528 -17327 8212 12777 
-12096 28666 2879 5082 12480 -23569 45428 33567 
9536 38731 926 -772 -12864 54209 2867 40302 
-28160 32440 6363 50119 28800 19297 -20809 14570 
34240 -32434 22195 -4890 7104 39355 40000 30367 
-10112 -56129 33049 -18850 -34048 -8300 27253 9237 
16768 -49043 -8005 -11052 7936 -21806 15955 -23121 
22784 26146 -22102 -52710 19968 -30830 12306 -11498 
-17152 43148 25040 46732 11520 -22524 -43180 39956 
5056 9929 22909 -20617 -38464 6884 -9392 15288 
4416 -39267 -32818 6830 19136 19925 -6641 -1304 
5760 9863 -4249 12908 6400 -8216 -28173 -56859 
-17408 12391 -31847 26540 -29568 -38440 -14109 -29543 
-9280 19649 22053 63453 -6464 -15206 1676 -18122 
20288 32764 -34520 -21227 70080 14924 18655 31943 
35264 37321 11243 -1863 -30016 17996 7046 -18598 
9216 -28670 10353 -31601 -21632 -39443 -20459 34940 
1600 -9405 24814 -7014 35520 48033 -4917 41460 
-23040 -43058 60 -55250 21760 2580 18960 22834 
-4160 49289 -48676 14942 11072 -17939 17643 24788 
5248 -1494 -34553 -669 2816 66863 18049 -5848 
17408 37736 -15884 31526 15872 -14162 -29768 -37488 
-51264 -20959 29062 20190 9536 55 18029 -13608 
-12736 -14950 38713 -29712 -31680 -1261 -37644 -28055 
-10176 -3600 6137 -40060 35648 -6165 66564 17605 
62336 4747 -24057 15088 10752 37684 -7969 24109 
-6592 23316 19520 -21557 25280 45504 5015 17057 
26816 6962 -4811 -7424 52416 -1727 54518 31669 
-39616 49124 1953 5066 -12736 17203 34376 14883 
-12736 -19438 16513 12672 -22720 18911 -13744 35859 
24000 -425 -19227 -5757 -28992 2804 -12284 38780 
-12224 13221 43427 -12501 32576 1402 63804 36012 
3520 -30468 6044 -11841 -40128 -15178 -26667 41599 
2176 23756 68466 -2966 15744 15402 -25528 -17918 
-6400 -5055 3491 41478 -9856 -8546 -54203 2025 
-29056 54722 23960 45048 25728 -41496 -40690 19304 
-32512 -35857 -5378 -12737 76544 -41111 -3516 8851 
1216 44562 39159 -38466 -2368 -43313 18168 18359 
17792 -27259 -26506 -34067 9088 -6521 41558 -41893 
64320 -13635 3340 27992 50112 -15209 15945 -11920 
-42880 -3823 35998 -21271 -14208 -25373 4766 -16881 
32896 -19613 18081 29434 19200 -23418 5377 10959 
23424 866 -6702 -2628 -16768 2716 -48664 -21988 
23552 -9212 36630 -37126 -30720 -6198 -31250 27866 
-17664 30281 -2506 50205 -1536 1245 13508 -59603 
-19200 57329 44700 -10745 -7168 -7455 -2110 10273 
-11328 52395 8193 -12959 39616 -5102 -23664 -14700 
-45504 20833 -29289 21237 34624 8946 -9548 5526 
7040 18707 4693 -8806 8448 22772 24421 -20841 
18112 -15019 -26220 -43824 -5824 -16217 -10485 1962 
-42880 -15720 46049 -25855 22784 -44015 -6357 -22860 
-45888 59163 21525 -1355 3264 6290 24720 27826 
26496 29183 11106 -21199 20096 44643 -29698 3331 
-50816 21575 16913 -1310 5120 14580 22621 30585 
48000 -8207 -11024 8201 31104 -48007 -48 -45809 
-16128 15911 -19756 1949 57088 -19323 -19022 -13473 
-50496 21264 -12248 -1325 -3264 -59720 -38151 13083 
-14272 -44877 -5777 1305 -4800 29900 -18284 -17394 
-20480 -6401 -13339 51650 20096 9510 13247 -23087 
36096 30322 -46064 38288 30976 -2696 26172 -15066 
-9536 -31512 -4400 18511 -16576 22058 -39875 -15339 
7616 -27080 34632 16777 23872 13736 42929 3215 
-7936 3893 12166 -9873 5888 -37639 -5768 -73799 
-28160 19861 -8723 -10208 -23936 40906 11699 18637 
-46464 -12000 -6818 -56168 13440 -20144 32544 24180 
-57536 -14054 13943 -27342 -704 -23901 -23734 -15023 
13888 21637 -62652 -25592 17600 -18111 -8339 9074 
-14144 -4365 -21802 -13910 -27584 53115 33441 1710 
-1984 -3935 -22442 -814 37568 -18097 11271 -7140 
-576 1488 -46571 -1906 -55616 17307 -12902 -40479 
22016 3275 14304 3247 -10240 -57609 5218 28195 
19200 56228 10666 -4998 -10752 14796 -5038 5566 
15872 -29077 -15959 -6046 -33920 -6578 3827 17391 
-14400 -23704 5976 -58261 64 18962 -21963 -27103 
-32704 -1217 -9055 53643 8768 32414 36110 -42454 
-9536 21346 -9701 14638 4544 9289 -1052 -9693 
-56448 -44303 35519 -2952 -12544 22654 -27097 4179 
-10624 29148 -21652 14456 -2944 46338 23546 976 
20672 31860 7304 34641 -7360 -15162 -21387 21995 
-5952 -8693 30494 -29236 12352 25117 38373 -15666 
35072 -10395 -5258 -25753 -73984 16881 1664 -25455 
-45312 7709 -17609 -28280 2944 -21220 -10103 21533 
32832 -13932 -2955 13720 35904 -48355 15680 -27539 
40768 8315 -5879 -3695 -21952 1380 -27598 4160 
20352 3753 -8886 43893 2432 25669 10938 51521 
-23936 -717 51364 -33567 11648 -24021 11628 19341 
-15360 -4224 14013 63393 16000 26409 22941 -3938 
-22720 -14972 4733 9130 -6336 -9955 -69344 36631 
4160 1931 7832 8818 -23872 -46141 53789 -3208 
