-9920 -15474 12597 19464 -16832 -2453 12564 -28193 
6336 4545 -9236 24794 33088 32617 -25997 -31050 
15616 30053 22216 10657 -88064 8781 10622 5431 
9664 10050 -22606 -22123 -960 -33824 -27457 -39695 
-6208 -5475 -29801 24433 12224 -21216 48018 27820 
3840 -15648 11375 -46531 -11392 1787 -47825 -25586 
-50048 41353 -2420 -14181 8832 21127 21040 28331 
9536 14107 -758 29294 -40512 -7463 7659 -7736 
17280 -13021 1086 -49159 -42880 3653 -20238 22293 
-10432 -3314 285 -17762 -61632 21309 -8160 -1243 
16256 -7169 34686 -25059 -1664 11073 55082 -10793 
4736 -33472 -6882 -3886 -7552 17972 25416 -6274 
22208 -2543 -12861 11677 55744 41826 -1042 25664 
-10944 -34354 2028 11409 -64 -77098 17151 -43913 
6080 24150 -17396 -20153 11840 -20094 31013 -14445 
6464 -12351 57116 37992 2496 -1139 30197 -37382 
18048 -30287 -49683 36800 -14336 23090 17009 29041 
-50496 16900 19975 -2786 -36672 -35313 -39460 -7015 
8064 27128 6955 -34057 17664 19149 -20355 -9734 
-24448 8034 -37228 -5266 45440 -10018 -33306 8238 
58432 -18827 316 -22554 -2880 -11447 -9823 21816 
-19456 9751 136 -13165 -50176 24135 -25778 58727 
-28864 -660 -41951 -3132 -36544 -9391 -9912 46465 
27072 38668 41015 -9428 9920 -18529 28440 -47479 
-4416 27464 -9903 14684 12992 17267 -41966 -9487 
10368 -11928 -32762 12802 -78720 -23794 -404 31784 
6784 8312 -23665 -12465 -44288 -8485 -37975 16374 
29632 22453 26055 3689 -40512 19512 -730 30836 
24384 -41406 17299 47068 42304 -221 34918 -10177 
-20736 -26976 -6827 26755 -21376 43495 -14499 508 
53440 27190 -16635 3972 7872 3581 -34630 -15 
-83136 -10139 4692 -25820 28096 6285 11009 -22538 
-21824 24722 17837 -320 48832 -36035 -17706 1569 
14080 9626 -50311 21509 14208 24067 8453 32802 
44480 -25098 36619 -16152 -14656 19799 34028 19619 
-44032 5593 -28273 13336 18048 -6892 -27351 2181 
21376 -3467 37051 14858 4864 48634 -7893 -29759 
40512 66 21857 52086 18496 -22877 -40616 -5233 
-1536 14264 -15618 -30308 -512 83976 -14466 17298 
-7616 -44450 22421 -14332 -6592 6529 26292 49315 
-26752 -78302 22828 -6912 -7552 12024 1026 -26654 
-45888 -16798 8225 42094 22720 -5423 -3730 25499 
-26560 -11659 -60249 -10303 -30656 26136 29092 -14598 
9472 -9272 28121 -19181 -10368 22457 2237 9256 
4096 -2438 -28885 -10605 -64896 10245 -34125 7104 
22080 20763 9038 24334 -39488 -7543 -26749 28846 
-18176 3519 12016 37251 34304 49333 -36798 13563 
-39040 -4834 -40021 -16133 -39680 6901 51573 9472 
-56448 23454 -1375 -6169 -23552 -1597 15675 35478 
-29248 40882 -21387 4378 -26944 -26471 9066 -1711 
38464 -7796 -19933 -16422 23360 26159 -2926 57093 
-78080 -7958 -34742 17390 18688 -24580 -20394 30634 
12800 14311 -6870 44189 35328 9997 22660 -42303 
-16960 56978 -4257 -24646 35008 36437 36416 12171 
-9664 5442 -36718 -60197 35520 20484 21449 7569 
-12800 3893 9808 23225 32768 40675 -20794 31651 
-46272 -12561 -637 7605 -34752 12870 34436 -1612 
-24448 8639 -32595 70338 22016 -27906 21265 -9887 
-26752 -1459 18283 23268 -18432 -29816 13551 -60713 
-7168 -20559 29066 433 768 54259 -34728 -32493 
-10368 -35928 928 -17268 16512 18666 21506 -68186 
2368 6644 12237 50858 -30144 11569 -35716 -1567 
3136 -9635 515 14351 -7104 -14742 64520 40850 
3200 -5963 -22015 -8620 15616 -15690 25065 -32401 
-25216 3296 43273 -23159 -23040 -5827 -12689 -8208 
35392 -59875 18735 17473 -16832 -30346 -38420 -30440 
-18624 31912 -10669 -25620 17216 65025 -2458 15639 
-25216 23831 -22231 25790 18944 -12930 9193 -29033 
15872 -5927 4714 -18857 6912 38709 -29512 -13869 
-44992 -7552 -13072 16183 32192 -24856 25591 29871 
11712 15098 -44611 -32590 6080 5775 17138 761 
-42496 -35165 -9908 51367 -23552 17191 -10806 15855 
-30784 19553 -9507 2497 -19776 -1804 -18324 60376 
-11712 -2789 -7722 16924 13248 1927 -19029 -47198 
13440 -49048 -17286 10020 -7296 2820 -7892 54434 
16256 -1205 -11018 62513 13440 11019 -34166 -4425 
960 7779 -9290 -7650 -4288 20505 19145 -38272 
22144 47895 16141 -17564 2816 -67652 14397 46915 
-33856 -36311 -2849 -53423 35264 12466 13162 -30642 
-1664 -27617 11402 -69877 10368 42979 11454 -2779 
6144 -39417 50360 26573 17408 -1811 -14250 40431 
23616 -12152 -26698 -14501 -8768 -47338 44729 -5749 
7552 -49918 21854 2540 11904 54080 17368 -29216 
40768 2659 -74 38016 18624 33943 -18473 -26862 
9728 8628 44295 -11807 29824 9889 -56425 -32964 
-3328 -19500 14128 -26668 -22784 -20084 -14384 -400 
-3264 16007 -39294 -24274 41664 18083 29207 14944 
-7168 61741 27137 -4940 20864 15500 -17321 -56383 
-46016 6660 -11209 -4856 12864 -25783 -9398 34515 
24576 68070 19513 -11507 -20096 17399 -7019 20760 
36800 3768 -24726 51927 -38336 -19674 -42577 7491 
13376 15701 -14873 -24297 -4800 27074 -57336 12552 
-19712 18858 44003 1101 4224 3923 54291 15106 
10880 6092 19889 -29697 30720 -46161 10303 52994 
-11584 2339 -18384 44920 -14528 -37855 -42193 11418 
-17216 -5125 15142 30664 21824 23767 -59011 34770 
-24320 25079 5178 17297 4352 -9059 -26944 -32347 
-11776 -25422 29193 24471 -6784 -52037 -25699 -2374 
10240 -32836 -1806 19356 -8960 25118 21898 19598 
4736 -14803 50086 21519 9856 23247 43222 -911 
-22464 10886 10623 18064 22336 29767 -57914 6697 
-31744 -5888 6494 -13770 -6912 43640 -7242 -16226 
30656 15257 -5203 -26193 56512 16286 51784 -356 
31232 -20463 20050 -28243 -17920 17401 16980 -24901 
29888 22343 46793 -15377 5824 2474 27396 -1384 
-30528 -13735 -9011 -44793 -12352 1246 -12192 42680 
-19200 16925 -24366 135 -1024 -1785 13888 -54455 
-36544 -10833 -16735 12555 -33984 32690 31990 -2026 
66112 -10531 -23036 5108 -24128 -8671 -16007 -7132 
-11200 32433 -43796 -26382 -7744 43189 4573 17606 
-16256 -46395 21368 -13651 -13440 -22623 47136 -20355 
25216 64295 -16489 -22234 13568 -27012 47 2335 
-27072 -22720 18889 6568 19008 48709 -2852 -28355 
14464 6622 14963 -14879 1536 -3647 28481 -10706 
13440 -3004 -39821 3469 3584 7317 16553 -19168 
-19200 47124 35524 -2048 512 20086 15408 11888 
-44608 -28563 17745 -44245 5056 -14780 8880 -38276 
-7680 -21362 -60659 29707 -2432 -13319 -26803 -49234 
27072 -22803 28990 15514 -43200 7787 34565 28624 
-9408 -40176 -29521 -27354 40000 -19507 -27202 21523 
16896 936 10913 -34371 32896 -4523 25541 -14358 
6336 35791 30984 11964 -25024 20377 13143 -28128 
-19392 48158 -12408 689 -5952 8592 -6861 3441 
-11328 -26874 18851 26850 -64 -27215 -21408 9037 
-48576 2465 -47383 -27423 13376 26396 -1026 -10980 
16896 -66739 -15087 -19640 22400 15820 -21829 -23943 
53760 228 11575 27189 26240 -32933 15375 -17214 
10560 11329 -16222 -31430 -14656 -16915 -53089 32248 
42432 -17146 22113 41966 24768 16303 -28474 10183 
28288 -3247 -25075 -34498 -512 -30024 -25175 23301 
-44736 -260 16882 -12617 -11584 -6846 -33011 21275 
33536 -37224 29675 -13415 -17536 -1175 5475 39152 
16576 -50149 -6199 -21407 -46656 -14876 18612 35182 
-42240 -20288 6578 16054 -29696 -21888 -26534 6734 
-10240 -27601 34073 1700 -24448 17760 59451 3913 
5056 36809 -8414 11682 2368 -8759 -18343 -10242 
12224 -34322 -25760 29541 -12224 -48612 -12455 -6309 
-8320 -34577 -35047 2502 52224 -4584 6001 -22479 
-9792 -31995 -34632 17882 16704 7831 -42929 19430 
-21888 12333 29726 10335 35456 -1335 26502 -13269 
-21184 1569 17735 5959 43072 15752 5720 20378 
4352 31347 22503 -13608 6528 2986 21101 -13011 
55040 -9832 -28795 1839 -38528 -14513 -22055 -714 
-81600 205 17814 -1602 -9536 -9991 9403 -320 
15808 4855 41506 -1206 -6848 -39743 8437 -10920 
-7872 20802 26529 4664 15936 -19593 21368 -25641 
-1152 17600 -19307 -15121 -38144 -41693 -13009 26270 
-17024 -55272 -21404 -23766 29568 22522 -22498 -29314 
17344 -18624 16193 12634 26560 6077 -33014 -14863 
-13376 -17582 33084 30087 9792 -13394 5573 -19889 
-41152 46579 -19199 -3365 22592 4670 19482 39408 
37696 -36011 -32071 -12297 20544 -1606 18238 7518 
-33536 -18505 21992 7179 -23296 -6433 51154 -24545 
23040 -14953 -16384 -14357 -9472 -15721 -7698 34989 
-2816 42152 -29205 -38827 13440 20359 -4285 -1016 
12992 15849 -58145 -18659 31680 16758 42430 10468 
33536 18811 108 -4409 -33280 -35957 24306 -7003 
0 -57859 17643 -12528 10112 13666 -8619 -4983 
7296 -17425 45986 -19931 -40064 -23553 -8258 -23045 
9280 49398 11657 46302 -36544 -33589 10184 1961 
15232 -30463 40372 -12675 -2688 26945 47884 13619 
8000 -2838 52314 13745 -26688 -17830 -40127 13469 
4608 -13317 30363 81142 -2688 15406 -16119 17681 
-24512 -12932 -18587 -36158 43328 -21899 -6484 16461 
-1856 707 -2595 60759 4032 38772 -1520 58224 
-7232 -28086 -9838 11329 -27584 46792 19499 12253 
60736 2472 7061 17370 28480 -11435 18052 19919 
51072 -62179 -28498 -18039 384 -9007 -24786 -23543 
-10304 25809 -25198 11790 20032 25515 -37851 -19442 
-22848 -6774 13023 -31926 -5696 -64723 -3424 -29993 
-23872 -1769 -10235 -48855 960 -6810 39740 -25268 
6912 -41789 3774 13947 25344 37681 33588 -51853 
-48640 17640 -17524 -6768 13312 10386 8572 -24370 
-49856 -5720 5753 69064 -3520 16287 23796 -9515 
20480 8363 -26079 -6556 -48000 -12878 -51053 49451 
9088 4261 5285 -1556 22784 15722 73985 -29323 
-37248 -954 -50738 40174 -7040 -34848 2844 6392 
-6656 22293 7953 -2658 -6016 -30824 23271 -25019 
12928 60311 -2281 -34784 -3072 -5892 10943 -14253 
-9856 -36009 15506 -23571 -20864 2697 18362 39337 
7488 12208 15784 13135 192 -2050 -10017 -37159 
20480 8074 6760 2386 -39168 53718 8060 2388 
29120 -42238 14262 -9885 5696 30960 6679 -9341 
24000 9347 28863 40323 -13120 -19366 9166 -27476 
-17024 -26365 27687 -15472 36096 -21276 25519 40595 
-11392 8303 33345 -33112 -5888 -3686 35665 -5529 
12672 -34406 -1333 10971 7424 -33627 -59451 -7192 
256 2937 29355 -6620 8320 12500 51685 42599 
10112 -10930 -8829 -11027 3072 -11331 14217 18880 
-15104 -29032 -8681 -38465 -1920 -43945 51163 22226 
12416 16750 -11796 14554 -29568 43952 8098 -50270 
-25472 20655 32613 -8054 -52224 1668 7341 14275 
41536 -33662 -19940 -46065 -16448 -25410 9595 -11209 
-19328 -20612 28640 14804 4480 24252 30370 -10704 
-9344 -12137 35739 -20112 -6656 2444 -23057 48581 
18368 20618 54886 4039 41024 -39248 -3313 -5689 
-45120 33238 -28238 -41423 6976 12726 -32661 -39959 
3904 19147 -9016 -35922 -16960 21059 -5587 -7756 
-67008 14826 -14331 -4838 7232 -22619 9168 31637 
9408 53223 -18596 -23086 25152 -24533 -37157 -1724 
-25600 -9774 -4964 8468 -28160 18574 15992 10812 
-24832 40402 11397 15643 -1920 -2571 -31051 -52116 
28288 33552 5366 3478 12928 6654 -59208 26924 
-3264 -9091 -17187 -1269 17472 24198 -38814 17098 
37376 -24604 -16816 -11648 17664 486 9668 37492 
9856 -35810 6396 3714 2944 1562 -44758 -10130 
-9344 29543 23980 22203 -17536 35569 14740 57131 
15552 -2285 34860 -26796 4160 41887 -25805 -28630 
14272 -15117 -15219 -41389 2240 -34422 16672 -69014 
-22464 10696 20867 12604 45632 1397 23054 61347 
-25984 -55631 7546 8497 14976 -24109 23982 -30337 
6336 -13710 -21311 17370 -20032 42865 46178 345 
-8768 -16375 9156 -42532 -37056 -36981 49827 -31440 
32512 -26416 4227 -3383 -1920 19761 11399 -45002 
768 -21092 880 -9670 256 -48310 16160 -27424 
-17984 16585 21910 -7442 33344 -52751 -41875 -11460 
-32128 5981 -33753 -408 -29952 3936 -40181 -42873 
-39360 20901 -18478 25758 -18496 -25121 6679 1482 
6656 -6392 29414 56668 17152 3194 -32802 34046 
44672 -26507 -28087 23902 3584 -34974 -20959 -30349 
8000 25098 51720 -42455 -41024 6100 -1925 13521 
-20416 -744 -1711 31696 -25792 39243 2808 -23763 
28352 29289 14734 -11474 29248 -1317 34693 -31852 
-11776 6235 10845 38966 -41088 -6392 -51605 -25955 
27136 -43959 -23456 28657 48640 -649 23158 -4053 
-37184 -4303 16676 -21834 15424 9093 -29353 -17556 
15552 28494 1469 60006 -7488 -37497 -23622 -8407 
-29888 -634 -384 -36581 192 -42918 -18213 -38653 
-18944 13430 -27514 26916 -13312 40818 43882 5690 
11776 33676 -412 -13178 42752 42186 7316 14582 
3008 -33915 -7598 13008 25920 -16131 23429 -42380 
35584 17688 -48054 -17972 -41728 -5486 3022 -44164 
32128 -7576 -10527 48771 -22016 -21257 -21429 12088 
14080 -16441 -11597 7920 6016 67260 16961 -9817 
-12352 59525 -18071 -56441 -12608 21222 5968 -19680 
-36096 -8036 41685 -24825 -24960 13135 -13575 28148 
3392 22101 -12111 34057 -1472 20306 39518 46612 
-37120 20639 22591 -3052 -35200 24834 22717 29543 
38912 4685 11070 16873 -57088 -5161 -5060 37515 
-1216 25289 6538 14456 192 -17107 -30989 10298 
10688 -60458 5451 45248 -3648 11039 392 7009 
34240 -6821 11530 23438 20032 38899 -15215 -23772 
384 2859 -1977 42610 7680 -73480 -4309 -6757 
-9280 -6878 -40184 -18955 -12736 -15060 -6483 35139 
50240 16384 -23114 37681 -24128 25788 18277 29863 
43200 26901 34 360 23360 31195 -26907 3732 
-44416 31585 34185 37374 18688 -1108 6445 -4505 
14208 -31378 -34753 30285 -3840 -15955 -45151 -31906 
-832 -4612 -6537 81800 -832 7465 3476 45081 
28800 26667 -12822 15377 -10368 10491 30926 -37261 
-28992 -17579 27871 35901 -10816 -11212 -3098 3702 
-17280 23442 -5934 3940 13440 59090 4132 -1356 
-30016 2164 -32006 -6021 -6336 8612 46963 -30667 
12736 25536 -37490 2863 19776 16294 -35885 -1503 
14016 -3215 -20189 -32331 -23104 -25278 1302 -66380 
5568 -9721 29292 1902 -52160 -13069 -23881 1778 
-7232 -21472 -4435 45502 4544 18121 22730 -22199 
52352 9102 -756 -5098 -14208 7976 -6442 -23346 
22016 10766 -61487 7699 -41856 -19923 -339 -13998 
-30144 -236 -21013 -5694 -26304 -12067 -49546 35063 
6720 -4759 8330 -2868 24768 26131 4895 10562 
-33024 -50707 1924 19491 25344 -15227 -10802 46631 
33728 4737 46776 -61922 -25536 25949 -12353 4914 
7040 -36664 -36840 -15178 16256 -44574 -2370 -2058 
-33600 22199 -61715 -31639 17856 8008 11100 1878 
-8128 -29589 17646 -17622 -6208 -3661 15247 56932 
-7040 -1644 -39252 3400 -22656 -52960 -4994 -4988 
10752 13334 -1351 16843 -20096 14779 -38947 -58642 
960 26572 -1591 32350 -11072 -8995 -8382 -29021 
1600 -48087 8454 14928 37056 -12971 -1757 31756 
18368 -20416 26462 -35679 -56768 -18812 -1441 -6417 
-8256 4266 32505 -486 -9792 41797 -25150 11747 
-55872 -1234 -19912 15193 -28608 -2896 41361 -36933 
28800 277 35759 -12820 -17664 2940 -16737 -5181 
-30528 17600 57843 3518 -4672 -10741 -16724 -13025 
-7488 8025 35138 -10174 53824 -1137 19481 -52860 
-11264 22662 19176 13790 35072 42940 -16928 31014 
-704 22731 -33945 40623 20032 48654 44840 -40578 
12096 -15196 22760 -19215 -12864 -17360 13915 33703 
-43328 -26902 -40587 -6826 34752 -24043 -1234 -10259 
31552 -17958 -12781 -58066 9280 24847 -41242 16959 
41856 11987 34732 -5347 -30592 5419 864 769 
16192 -8570 76356 26571 -2880 -10312 -28713 1925 
-67072 6584 6598 27870 -3072 28130 12526 5218 
1984 -16955 -13979 -46529 21440 9708 15632 -2620 
14784 -22262 -5729 39356 -44608 -19707 -29308 -3209 
38976 -10230 51141 13416 9536 -5987 92 26945 
-43328 -844 32232 9965 -11968 16840 -27931 -4043 
56576 -18891 -8692 20999 39424 24457 26406 -2807 
16256 9344 -558 -31674 -2688 28568 46304 -33522 
-43136 24246 -1249 9615 -27904 -35035 -13263 -42588 
29760 4061 -6024 -26080 -5440 -68145 16617 20252 
-20800 -2520 -61436 13053 -25792 -28896 28873 -195 
-19968 -15369 3686 -5375 -12544 -63925 -768 2637 
16896 15916 -54311 40357 3712 -22419 21313 -6878 
-19136 36200 53660 -18099 47808 4758 -10945 -31565 
-38720 -29067 12127 -17463 -14400 -19254 11374 -3824 
-26112 34979 40538 12287 -26368 36051 -17524 49283 
-21056 -54269 55812 16630 -12992 -8175 7739 -23198 
-30400 19569 45583 -10813 -8896 18306 37916 33498 
-27456 25891 15265 58657 9152 22496 10960 -31658 
43840 44798 -8525 36068 27968 -51371 7150 -18159 
-14144 13504 7354 -40451 28736 16602 10783 14343 
10560 61760 -12616 12853 -13376 3104 19083 -34325 
-13760 -17477 -28288 -7948 -27968 -30669 66129 20126 
-6144 14760 38057 3209 18304 -29193 44809 11830 
12224 11824 16146 -27989 39488 -7752 32347 64993 
-9024 53950 4898 -10603 -32448 2376 -25389 -10135 
-38528 32301 26238 4405 -19072 8115 -34574 17827 
56192 -13180 2579 -27045 -23808 51685 24293 -20750 
35456 -1255 47719 29010 -28672 -19520 -2477 -20085 
-6400 18935 -1347 16264 34944 45222 31071 -9455 
8192 61820 3749 1553 -3968 15629 1133 -8230 
-16384 4719 -38305 4546 6528 49928 -15135 -7837 
-9216 -38210 -12332 34250 -7936 -25580 -27044 5110 
17920 -15904 3193 -25465 -17280 -13455 -23959 77492 
14592 -18243 -21570 61019 -2560 27557 -6200 -4261 
22656 -8794 -24691 20957 1536 -13289 33963 24022 
-6912 43141 7514 23037 12800 -16079 4048 -25183 
42240 30600 -14000 -20410 14336 -70 28640 -3290 
2112 571 -19348 34654 -2112 64127 10049 -32478 
26368 -34417 -54400 -19389 29440 -1857 47210 -3849 
12416 -21055 -11981 16438 -6656 -49296 23303 31415 
35264 19260 -23658 26539 1344 -7308 -25941 -9445 
16704 15382 -30977 26018 39232 15359 -9294 17649 
-46976 51182 1235 17045 -1024 -40775 -27175 29914 
-18752 10904 -8283 -20272 32448 -29381 -21146 -38467 
-42624 19520 68046 29880 8064 24300 -27288 15400 
12480 -4350 -24367 36784 -28992 -11603 -15894 34205 
960 19599 49855 41113 -34112 -21066 22610 -36862 
14912 -23045 -5706 5820 40896 24835 -23677 23930 
16192 682 -17843 -25938 -40384 -12429 -46396 20349 
20736 -16601 12711 32204 2176 -74518 10937 4963 
-8384 2847 -13448 -14412 -25920 4959 -57211 -27996 
7104 -7115 4122 -1182 31552 42139 60069 -58980 
-18304 3487 -15681 17446 -30976 -14372 3 -63661 
26496 -14820 -43756 15012 14976 -3914 58138 27250 
35776 -37789 103 21273 42432 -1386 22726 11172 
67392 21630 -6748 -1369 -15168 578 -19001 32055 
-5440 -41949 14718 4666 -6080 36933 16541 -43828 
5568 -20458 -5485 -9604 34496 8313 1960 67129 
21760 34371 33493 -9372 14464 42874 -58349 -14223 
33664 -20650 -13917 -32425 -25088 -44815 36861 -7790 
-26304 -23706 -9139 8086 12608 -40857 -26448 -18177 
47360 2108 -3236 38218 33024 -506 -53472 -12204 
50112 17581 -3429 9045 -9280 -2940 -6418 53152 
13568 23911 -37932 -14413 6656 -24509 19246 19937 
8832 -1709 -4201 -29628 -25088 -17424 26283 12207 
-4992 -6014 -59149 21127 44032 10941 -8003 -2328 
7680 43209 13969 -56016 11136 -8308 5763 11293 
-33856 -13788 1561 52400 15296 13345 -33838 57859 
24832 -62072 -41226 22442 22272 4296 -26362 -12344 
50240 31612 -13053 42882 -34240 13311 -22426 1639 
4864 34700 -45391 5651 8576 1773 -41087 1780 
-3520 22996 -42027 -51088 13888 5001 18456 -7263 
-17344 -37488 -29034 16349 -5952 11762 -19003 -4521 
-3136 14099 -23476 26644 27968 30647 57763 -39742 
24768 55468 -6507 -14226 -34368 24797 29326 -40369 
-12096 -43298 -25512 1733 -29632 -17156 39721 11749 
9728 -2893 -54130 19007 7424 -37169 -14800 -55441 
-6400 -20622 -48544 20410 -1536 -6300 -4488 -47154 
-37056 -3765 44465 -30911 11584 -29858 21850 8460 
11072 18391 28523 -30953 12096 31736 16316 -1498 
-17024 29928 22238 -43110 16256 19650 27396 1096 
-26496 -21845 -20654 50007 20864 -359 18062 -4165 
45504 -6719 4905 -26141 63424 38522 11200 57182 
-40576 -29573 -20644 -7519 -11392 52803 -27888 -11401 
48384 -8276 -32966 -1334 43520 -18242 62818 -12252 
11840 -7365 -2485 17673 -22720 -13746 500 -28660 
11264 35097 -39056 -31117 -19200 6989 -28182 -371 
24256 16305 31319 5181 -37952 -1982 -20142 35460 
15360 -16259 51911 -9548 10112 -31154 -43063 4677 
-5824 23932 -3963 22046 7488 29553 -14736 59479 
-1792 39678 -15994 25454 36352 15412 -15418 4116 
6912 13876 -16056 -29872 -14080 -2226 -44832 -32758 
-4928 28902 -24596 -29687 4928 -33356 -17867 15219 
10176 -16979 -26184 21506 26432 -17347 -18753 -48268 
12608 -22426 -631 30316 56896 -9787 16688 -33387 
10816 33592 15851 -258 -28608 -46439 29162 -6571 
-24960 -40614 -8634 58050 -18560 -14250 2172 17412 
13184 13613 20317 33968 -83968 15554 4769 1611 
2560 -21649 11837 -69094 -20096 3738 26139 -10673 
11264 49522 -49087 -33239 -7552 -22227 -10739 9944 
-34112 40559 8756 24082 -20672 -1529 21647 -29822 
-28160 -17043 32071 6204 -20096 -37778 39057 -26431 
-11264 22320 -25966 -6732 -24320 34 48498 -42850 
-13312 -14327 -29087 -29550 896 7480 -25929 -38849 
2368 -8605 31984 -17002 25792 37439 -14627 -26810 
-6976 5533 -20270 21270 -6592 7285 -45575 -23774 
27520 -9398 13303 19627 -22528 -5739 -37719 -23406 
-8064 29479 47278 -16411 5504 1957 -32154 -38607 
-960 -3579 43350 -22164 -7232 -31387 5095 -5778 
-46528 -20605 20964 -2552 -17984 24409 -26507 27090 
-9728 10420 -29696 7148 32768 26404 32088 -9060 
28672 23504 -12285 55451 -1152 -457 -59665 -21022 
-15616 -20956 -14223 1939 17792 17827 -7451 -56242 
-5376 -15804 16016 47156 12032 5288 32192 -13328 
-27648 -18666 -17842 -21728 67328 -7054 -16614 -10392 
-1984 -59652 13009 -15716 18496 -5913 -60232 9711 
-2176 -10836 -19129 483 -47360 22709 677 2378 
-576 -21859 -7449 61329 -14144 10752 122 31042 
10496 25339 13783 -28754 -23168 -3412 -16999 47333 
22016 -22618 -23785 5911 7808 9243 5955 8054 
192 -7967 15520 16074 41024 -12443 -14865 35356 
17344 22819 -24921 -38451 2240 52732 -14162 20928 
-18624 26755 -42658 12484 -23104 6607 59699 -4520 
-16256 16659 -33167 -17484 -12032 -4862 10761 28873 
29120 -23003 37860 5382 -12736 -14159 5475 36334 
-29888 -30134 1364 -23323 -3648 14656 -48617 15897 
-14464 35591 -6809 -19790 -19712 -55320 14107 28157 
2752 24403 -20827 6095 -15680 24610 -26784 -6084 
6528 -12446 -2217 29399 -25856 -18573 1701 27898 
3456 -24566 -25153 -31683 2048 14851 9109 -7562 
-37696 -12007 11783 -14653 -10048 65226 -18754 12836 
-2560 5031 -2543 3886 21888 35608 65659 -31803 
-24064 40816 -25551 -6373 -8064 -30219 7753 50772 
-24448 -38225 -9505 31156 -17152 1728 33055 21785 
39104 -5017 12442 26152 -3776 15121 4509 29656 
-13056 -381 20236 -10803 36096 -419 7002 43123 
-15872 -34858 8856 -2904 14848 16138 28692 -18576 
-15232 -51530 -33 44329 9216 -40663 23949 -2130 
14656 -37505 41085 32223 1856 19114 34190 -9230 
-55424 11666 -33830 2454 -37760 62 48440 -23808 
3136 22052 -17326 53925 37568 38030 -12347 -32301 
-46528 30167 23035 11501 -20672 42348 43520 36974 
-2688 -7052 50696 -14102 13696 10704 -25938 -24384 
6464 -4095 55809 22033 -23232 -19866 -7942 -24210 
24448 -27071 -4954 -28861 -27264 -32613 2782 -67147 
14400 -6646 -12063 -12032 -7616 41109 44864 -20037 
9088 -28628 -14256 8248 30336 3614 -48982 2634 
20992 -53615 -19520 -18273 14848 -14539 3170 32835 
-22656 -29296 -11979 -60959 19456 -15827 17387 16748 
1664 6446 -11471 -25045 -16640 -10045 20763 -28098 
4736 17462 -8201 -47743 13824 -34779 -9967 30294 
-45504 -23687 -23679 8299 -20672 34822 -21118 1606 
22784 2760 32356 -3072 16896 17924 55452 -40890 
-47616 37693 15777 -14430 14464 3130 27059 19911 
24576 -24160 65273 7949 -33408 -14933 -17939 -2390 
-19456 -29489 -8343 25916 -31104 -1342 819 -393 
30912 6896 -16109 -42110 -15936 -16465 -2648 -52553 
-3136 49830 -14817 -51958 -40512 13701 -26544 -7675 
-2880 6944 17965 -3728 47040 -56599 -3450 23573 
10240 -27616 35151 -16633 -11648 6211 -18973 -49072 
-11136 21832 -3489 42815 22016 17145 -33563 -11386 
6720 9521 -51860 4788 -53824 -36171 23165 4012 
38208 -9700 13303 -12752 -57024 -15291 3206 -23145 
-17728 -20634 -29974 10833 -31168 27364 -5013 -50353 
-31104 -32135 -14283 -16984 10752 -15052 39069 -1345 
3904 -44959 29806 15412 3520 50831 -5513 -37618 
-31936 -30168 -4481 -4542 -7616 -62461 27838 -13711 
-6528 -14017 -17739 -22668 13312 35156 -18443 43401 
-14720 12958 -34925 -12455 -10240 -1195 38005 -30054 
-39744 40015 10989 2437 -22848 -7534 21728 -11850 
31104 40958 -6958 -14558 -18560 60636 -11696 10496 
-27584 11578 30365 -5816 36672 -47993 -30220 4431 
9600 -14885 22997 4090 -13568 -38030 33149 12845 
22080 25733 -19061 -8173 31040 -10914 20528 4376 
-52544 1451 27266 -36604 -21696 -2057 -6023 10402 
9728 -28280 -626 -2662 31488 15184 -30842 58650 
9280 6151 -2872 -2082 93376 10169 -8839 5642 
57472 8752 589 22835 -42496 -31645 1143 38574 
12608 -13690 -9334 -23301 -63552 6402 -14403 -27685 
-21120 -27216 -31444 -626 -18048 19092 -52098 10828 
27776 44244 -15107 -18099 2560 46023 4591 11288 
38848 -29228 -3294 -14517 -5568 -34956 -21053 -8271 
-6080 24173 50558 -32796 30400 -22673 -2429 -31234 
29952 -18568 669 -13703 -896 13771 42793 13734 
58688 -4109 -3855 -36405 -9152 -32330 -23170 35672 
-73984 10909 -13657 -42468 -29312 19556 20801 32153 
21376 1642 5446 3700 1664 -27160 -1188 -31456 
-2816 -27487 -10139 420 -34688 -33010 9507 19371 
-24192 -13377 12754 69777 24192 18981 6518 18221 
320 21959 1950 18490 67008 -3885 -14045 -9602 
-13376 2953 12561 -20547 3520 5264 -11908 28666 
-48768 20795 -30693 -43000 -28928 45350 10059 8385 
7744 28620 -8761 -23852 -54464 -10191 17698 -37875 
-13696 42025 15703 -34466 -38912 -20588 16771 -20925 
9472 47322 11683 10729 -26240 11967 -42169 56944 
-22272 3609 -9943 9138 -35968 9444 19059 49353 
-18240 -67749 2333 11549 -13120 -19718 -9244 35422 
-24704 -43136 27526 6326 4992 -33812 2472 -6862 
320 50814 -9395 -7540 5184 15235 -22220 22823 
6272 11289 31428 5105 -55168 45185 17576 24463 
-39360 -22664 17365 9670 -16576 9875 19760 -14853 
29248 -14716 -26754 -2205 -37440 25750 -18803 -43417 
27648 10457 5901 25888 -22400 -42596 3447 -20201 
38464 -20882 44325 27182 -8128 -8239 -6020 10981 
-10048 -16311 5591 -41909 19392 -23312 28262 -11972 
57536 -13090 43318 4631 22592 20298 -31209 -36625 
-33024 20523 -13186 -17193 -7936 37941 -21892 -1149 
22272 -48572 32681 -6845 -61824 -26805 2637 -12684 
24704 12292 31334 51924 -12672 16822 -31772 -42566 
-35712 7879 -36002 27047 -27008 -46289 7066 11003 
-41280 -13559 -15288 32796 34880 -34277 -221 6092 
72320 11658 -8668 -25188 1152 4716 -11846 736 
-2176 29728 14030 726 384 59098 -19160 -4544 
17088 24141 43308 -36178 -13760 -33769 31111 -10578 
2880 10284 -30840 27681 39360 10518 35635 23933 
40064 -1831 48583 -8014 -6400 34338 -4469 -9017 
-2816 45800 -22689 17877 28544 31091 37987 4790 
36352 31176 13742 -7414 46848 1198 -34866 26472 
16704 4561 53187 26889 16192 -18628 -60556 52882 
-68288 24329 9062 23812 50880 7981 479 13898 
23232 25252 -26783 -2638 17344 26111 -39426 14029 
45952 2739 38817 -8966 -12288 13322 -9691 28203 
-21760 41588 17243 22033 1152 24349 12311 6046 
1664 300 -14933 8989 30720 49957 -2631 14740 
59328 -32057 9782 -3436 14400 48917 47929 -9004 
-37440 -69559 4824 36548 -35264 16769 -2937 -368 
31488 41322 11637 -1309 21376 4963 -20691 -16416 
-28288 17056 7067 16821 7424 1813 8489 -2268 
-10048 5355 -1405 3275 -18240 -60960 -34730 21540 
-3840 -16067 -15438 -17071 24064 -60773 26044 26411 
13248 2194 -28003 -12680 -26688 -56475 674 34173 
-11840 -16755 -22748 -48642 -22208 50969 32439 -10900 
-40640 13663 19268 26480 -16704 -9455 -51699 11926 
4032 11151 -11316 -17604 -38336 -13687 -28477 25542 
-3776 48421 -19666 20428 -5440 20699 17603 -39628 
11968 64001 10774 33056 -29376 -5647 27453 -23518 
42304 -42765 -26784 -5706 -23104 -42853 4457 7580 
6144 16620 -25723 -2909 -29568 74043 25429 -430 
-37632 -18305 -8744 2741 14336 -52337 16522 1215 
7232 42733 10241 -25539 -8640 25568 -8378 -23064 
-43904 -16026 -21354 -3128 26752 -1034 -23068 -15932 
-11456 -35981 -34394 -6202 -6208 10049 6087 -5912 
47488 19365 -33454 -34083 -25984 12641 -32458 6955 
-30016 8466 5822 -18545 7488 -34450 -8421 -12023 
30720 3917 46426 65177 -19968 -26329 -16548 -8451 
30400 -8940 430 -21697 -192 -7746 -36005 2535 
10688 -17799 -2987 -4689 31936 10888 -20624 47042 
-6976 -21462 -36068 26149 -16832 35172 -35071 -39819 
14400 56391 -23329 28003 -960 -31656 -25108 18542 
-47680 -4086 -42756 37733 -18880 -32266 38553 10413 
18944 -15882 -648 -20942 -42496 -15756 -47616 7756 
-28032 -15313 -49008 51023 17024 -11311 25684 -8621 
1536 -19326 39908 20650 512 -34440 -20164 15828 
35776 -17384 10148 -55471 -37312 -6998 -19759 -7013 
-32128 -44287 8041 8560 -9216 -25780 8517 -29329 
-10368 -1366 -49299 22759 -41216 4987 43407 34768 
25024 48188 -21741 -6204 -16704 -10827 24888 -12569 
-23488 -24388 -36841 -22478 -13760 45431 -15782 40879 
14336 -24004 179 -6131 24192 5447 68023 -2658 
78656 234 -18468 -4767 5056 -21896 9839 -16307 
21824 -37422 -25581 6902 -12992 14341 6458 8471 
13248 5721 5964 -12124 27968 35003 -2837 -968 
-5312 -34715 -8162 -42092 19136 169 5631 7750 
-23744 -57696 15460 -19289 46528 32288 -33825 6453 
10112 19654 3705 44839 5888 -4393 -48785 -4832 
64320 -18120 11282 3401 10944 -27722 -1911 18705 
-30400 -531 30830 32324 -12864 12917 43055 -15392 
40256 14348 29472 -3453 -6208 47596 259 9101 
-33792 -6259 -11268 -15815 -18176 26335 -80426 -22583 
-4992 -4200 -37190 59668 13440 20474 1620 17230 
-1408 27633 5475 -24866 -8192 36152 -13305 22731 
-35392 -1701 -33771 -30983 -1344 42986 -11492 11528 
-16448 -37637 35303 321 3008 -15592 14326 6166 
11392 14853 -26211 -50754 11776 -5212 28373 -31299 
37632 16280 -8492 23410 -512 12910 7756 32850 
15360 29575 33180 -7897 -3584 -56101 24450 18535 
11840 -12518 -50687 -33308 19008 20381 -684 39399 
-3136 31562 -1470 -32191 -9920 20182 -14345 -10491 
-35328 45417 45623 19540 384 29160 -39479 499 
-9280 -2137 27170 -34418 -15808 -9629 16025 -11164 
-37056 25901 24519 -33569 12352 9608 8268 -1938 
8960 7330 -15430 40614 14592 22242 -13990 -37620 
-768 26099 -7404 -23009 46336 19163 14342 10363 
15808 6190 -5959 2732 35520 38241 -20138 12295 
4928 -20201 25079 -27 31040 -156 -11212 -35412 
22528 4068 56732 9104 -16128 21192 -20756 -30714 
4864 4435 26379 32360 -7040 1600 -17847 28065 
17536 -1574 40328 -43308 16768 19596 -34774 -2198 
-29952 6035 -25784 9757 28160 47611 1242 -12445 
64576 -10424 -32 -7875 704 -12140 -11749 20947 
-21696 -18656 -27884 -13869 -25920 -26472 33367 43843 
28800 7706 -12227 26699 10240 -28983 -2049 -29578 
-57088 25664 9296 12180 43520 6350 4032 -10852 
-55552 30327 2249 -23704 -19840 41638 34603 34969 
14144 2243 6058 18674 20416 46997 -51709 -19264 
44160 -15329 -17935 -11556 -16128 18702 37485 -14283 
-5568 -52296 11992 -215 10432 -37890 -23101 8993 
-10240 4922 29702 -38358 -16128 19786 -726 37674 
13184 -34 43450 -62868 -24192 -10004 -20600 2842 
25024 27351 3428 8774 -448 -12023 33931 47412 
-13440 -35255 -5687 -13768 1024 -19884 51081 -45535 
19712 -46325 -50879 -31318 -11648 9306 35227 9495 
30848 30099 -21358 2375 -50816 41365 5134 -23477 
768 46348 -13871 -18227 -19328 4179 -987 -42454 
25152 71683 2323 -15425 -22720 41820 -12404 -20624 
33216 32464 33208 -20173 6464 23886 -1079 -23657 
-58240 -23586 -9721 33237 -28160 -36809 33553 -28632 
-28736 -13075 -19071 -12547 5312 26474 -48112 -10950 
63744 24587 -9316 -47725 31744 -24525 6018 2669 
-17920 16793 29683 7170 67456 -14570 -1819 22171 
-12800 -9058 30463 12059 30336 20557 -889 48124 
-40000 -36349 31927 23355 704 -7350 14834 -68 
51392 -10324 -30187 -14292 11968 31769 -21574 25747 
2048 56454 -11192 -7006 -19968 -4408 38536 -5052 
-13632 -29274 14060 -16631 -11968 -22168 -34235 57927 
34560 -29746 2103 -45285 128 -33855 -57369 31838 
4608 42933 3027 14402 43136 -41284 -24031 -11869 
27072 12746 25650 55127 -14016 -674 -22305 23707 
-17472 22058 -16106 -20945 -20928 12260 -36077 -40629 
15808 35132 11367 9240 -32320 33795 16764 25399 
41728 25643 -13535 4610 -18816 -44220 3695 17461 
-1856 -21193 3460 36698 -44736 39639 4755 -16346 
13568 -43632 17335 -38237 -35200 -411 2095 -7344 
14144 14121 20634 -30082 -26432 -15591 -16197 -5808 
-5888 28225 -38325 -54460 12416 -35120 -21455 -4345 
2816 28713 -5597 23056 -17536 -18972 46781 -6619 
-18432 -68418 16633 5323 -2688 -8471 -379 18844 
11840 -36281 9431 -2009 -10176 5608 13952 73978 
-14336 50462 2432 -1088 768 -4624 -23796 8824 
20992 -34128 11999 -5857 35712 35779 5303 16154 
-4032 -7686 10670 21993 -2624 -12326 -25055 -39137 
7232 14723 -1928 -2576 57792 -18433 -51031 -9324 
-35520 12982 -10429 1468 -1984 10229 7902 -53761 
23424 20485 3081 48392 -11008 10136 -20063 -46245 
-14208 -23788 4449 -7255 -3328 -19275 75003 2164 
5120 20690 42724 3744 -5376 -31988 -1192 19000 
-29504 -13750 9761 -11632 23488 3499 3642 45505 
-28288 -3543 -29839 3546 14592 -59532 -44203 -8971 
-27776 -44081 -37487 13286 1792 -8712 -12019 19603 
25920 -34617 8214 -20700 21440 16605 -12117 8006 
-17536 -48070 8932 -22490 30336 -8730 -16046 19510 
18624 24368 30646 -2763 31552 -14044 30747 -57089 
-19968 44196 -30489 989 3200 8547 -4053 -36718 
-33792 -9042 2603 -49537 36992 21119 35151 -32014 
18048 31800 -15408 28690 -6784 4430 -46326 -22140 
9152 -26893 18376 -38944 -16576 9263 -15993 -42506 
-32000 -21005 53847 -16754 -20864 -22592 -40251 -9285 
20224 -2684 12610 -13374 -19712 -41292 -25890 28192 
8704 -8170 -17893 -31561 -32128 -3833 -4901 -77290 
24704 -26860 11363 5795 -18944 19555 4041 17440 
-9024 -56600 -14733 6030 42944 -23025 -13096 8535 
-7360 -25862 -10228 4391 -4416 -67132 -5521 4501 
-9280 25000 7296 11749 -2240 462 35017 -14975 
6144 48257 -5380 -7119 25344 -23787 -13970 -26101 
-10944 -19110 8621 24082 17216 49791 19912 -44245 
-30784 20549 -29352 -35484 -43456 18213 -11449 18008 
44672 4991 -417 26264 -20480 -2258 -35189 9397 
65600 847 -39215 -22939 -26304 -2552 -32590 16004 
11392 -44420 -26961 47963 -37888 -37301 -44927 -7260 
-14208 -9274 -34266 -4120 -13184 28180 -4212 54742 
-36352 -6001 25126 35635 -63744 945 -35648 -12627 
31616 -10588 -56856 14098 -29824 22764 -21702 11584 
-4224 35181 -9875 -21688 -54272 16026 -2015 -12533 
-25216 -10370 -15116 7034 4736 33182 -58822 13890 
10112 -23304 11781 71789 -10752 21997 -4653 -548 
26304 10883 29392 24690 -33728 30335 40459 1996 
1920 -6985 31368 13259 23936 -1023 -34124 39775 
-18048 20931 -1923 25874 15872 21312 16029 -5923 
24128 -9416 -20177 -24160 22848 -46035 -34194 -40247 
39936 -12931 8114 -51771 15872 -13943 -35532 32463 
-14144 -18395 -21110 23776 40000 7633 -16355 8940 
56448 -18560 927 -25421 -8192 8367 32649 -39420 
4480 -22832 27286 12914 -13696 51732 24852 11436 
24832 -50297 -26072 -34297 9216 21149 1906 14291 
-11264 -6553 41827 2294 25472 31332 -40731 14459 
-19520 5943 -29922 -38176 -5312 26627 21241 -7564 
-18496 48485 -28969 24393 13504 -13816 42462 69330 
18176 20559 -6813 20974 49280 -1908 -23171 10803 
-2688 1245 17712 25665 35968 -53905 24644 21675 
-43712 7543 33883 -33893 12864 -11004 40336 7336 
-11328 -2275 -17933 14833 41920 4554 -58466 7770 
-25408 -20895 1181 -11759 22464 -5252 58892 -16920 
14016 -8800 69817 17542 -40000 12361 5234 -9425 
-19328 -12847 -24040 -19159 6272 -28847 -960 50191 
41664 -2180 38621 -16712 20672 29539 -11058 -7715 
15040 915 -68620 -18944 10816 12773 14515 12920 
-66496 -10136 15007 -5674 -40384 -6937 -28006 -2497 
33280 -32330 11135 24943 20608 17119 -25445 -7090 
16896 1483 -6451 -35816 18304 -4358 -29917 9681 
-14464 -10178 -4638 -4888 -25472 24286 1144 32034 
9728 -8155 14328 -5967 13056 -23151 32446 2955 
2752 -17683 -26192 -42364 -8896 1063 4911 -46586 
-39168 -9088 -12060 -1054 -32000 -16052 52360 12074 
-56128 42264 -11472 -18897 -16320 -18646 -41759 -23357 
25152 27538 -2642 -3633 41408 -52124 -1639 -4989 
-3072 8360 11325 18557 61568 -15379 18225 -23710 
-11264 -11859 10821 -2548 23424 -44164 -46093 19897 
73536 3152 -10095 13082 -30656 -15469 -14240 15559 
22400 15014 20874 25524 -30336 -4568 -30392 6558 
-32000 -10810 14656 57066 19968 18188 -4688 42830 
18304 -14192 33279 46693 7936 5419 1713 39946 
16832 -7492 -37280 -6089 -34752 -2572 14105 5991 
35904 -19464 -34911 -4792 29504 18619 -11592 22217 
-39104 -12868 27747 32174 6208 28207 -29186 31709 
-20928 28038 6820 -29945 46784 -11570 -13905 -17359 
16832 -517 40152 -16192 4416 36889 2919 21876 
448 26435 -44447 13923 23232 16674 39496 -26130 
-5312 63266 -14864 21569 49600 -16988 -43033 -5843 
23680 5108 -15969 -35935 -37376 -20215 17037 -57324 
4352 24642 25093 -1815 51072 -20185 21041 38374 
-36096 -61459 5200 -6047 35840 -31571 -10170 50687 
22592 18948 -11250 19263 -28992 -14296 -43635 47871 
34368 -21747 -46768 -7118 -24896 -1579 -11311 -28724 
-17024 11318 44539 -16395 -16896 -9435 56693 356 
-18176 -23800 -9854 -28954 -256 15408 -6838 -1480 
-40448 -810 -22312 -56334 7936 -23132 27796 29690 
2752 -19371 -5429 -16489 960 -52 49122 -31092 
0 3915 -32112 -2007 -51456 36709 24926 -22835 
14656 -42056 52571 46780 4160 23005 9982 -3607 
-26688 -691 983 -4245 1984 -61130 6146 4908 
-48256 2499 -7067 -26494 10496 578 40621 20413 
28288 -18985 12129 -25032 25600 -8986 -2727 65695 
-3008 31790 1707 -10132 11072 -4571 58134 21595 
-7104 3503 17096 7146 19136 16393 21517 -15394 
-18496 -6235 -38751 -6649 -26688 -2542 19088 -4450 
-9152 -22496 -14674 -2475 51392 25720 637 -15247 
1664 -2705 17696 13203 -13952 64099 39232 -2765 
4352 -32632 18728 -9486 -1280 5942 -34084 -52464 
43392 18988 -13777 19195 43776 -37655 15621 -23634 
-3008 3560 -31665 27612 14656 -21659 28670 -11135 
-50944 18899 -9091 -4542 -6784 -26106 -12917 8753 
20544 -3704 -24167 -16382 11072 42589 30936 26337 
14592 14547 15706 -5043 44544 651 32452 1869 
-23808 -23288 -4055 9219 -10624 -493 36405 17344 
-8192 -21040 11320 -17272 -25856 -32976 41200 2830 
704 -46313 20268 6788 11840 23869 18751 -22896 
16320 -10552 4975 51604 -33600 12757 -32160 -30529 
27584 -9724 -24399 68888 13248 26219 -19458 -22063 
-17344 -49594 280 -31609 -15424 13408 47555 -18423 
-40000 32726 29701 -750 -22848 -14825 -14138 527 
-19136 3886 55689 -30110 -192 715 35988 26507 
53760 -27925 23694 15203 -19456 -8211 -23252 -16425 
35456 55391 -10310 12883 -29824 43969 32410 -39753 
-1344 14873 25302 -42536 -2240 -29093 -24231 -5664 
-1216 22631 7551 9699 -15808 29982 9192 -26538 
4928 -17720 -8474 2597 -13888 -33644 -4563 17365 
-23424 -11207 -5701 2136 -13312 -56362 -54837 38371 
19200 -6487 21579 16122 45696 -17884 4133 -25959 
4480 29079 3357 21594 48896 10242 -50711 -2227 
-10176 -26411 49782 15424 1984 2327 -31561 31988 
48384 -2289 -1078 15359 -28416 -34773 -19796 20997 
17984 -32079 16949 -15953 -5056 27346 22538 -23508 
-40320 -39496 16693 -15421 45568 -13483 2211 31828 
22464 -29398 -33740 5829 -7872 36522 -13155 -10141 
-18688 21940 -20677 16055 -7040 -7925 45171 32290 
17920 -82128 1867 27491 -2688 -3387 -14081 -13896 
-40064 -18532 -8922 -44252 -10880 8814 35576 17466 
-11584 -32389 -32595 28861 -30784 4988 13080 63022 
-33344 13163 5315 -4189 -20032 35438 -6570 36526 
-11392 37477 -18757 20486 -40192 -16082 62571 5629 
6464 33730 -29387 -610 17216 10455 18416 36315 
-14592 15008 13529 60593 -16512 -761 14053 4296 
-46592 -6344 10866 34994 8960 7832 -40058 36862 
16768 1411 -10907 -39396 50432 -38418 5821 12907 
41280 -6248 -46704 -15697 -39232 -57696 12187 3359 
-320 40759 26556 2664 2624 817 15167 548 
-48832 60439 25045 -8747 -31936 -626 7510 12228 
-20352 -20517 -3232 6969 -3968 -43733 32916 -13089 
-6400 -4441 14529 21332 -5504 22826 -13717 -31447 
20288 -29685 -16706 -32880 -21824 42695 3503 3070 
768 -25178 -53942 19956 27904 -9032 34786 -14816 
19264 6629 -21783 32853 46912 4434 34534 16278 
-32448 -9343 -10145 3349 39232 -28338 -30040 2504 
10880 -32597 20611 -2106 -11008 17812 2727 6191 
-4800 11075 -774 -3656 27584 13907 -43233 2020 
-17856 -29873 -2178 -48232 15552 12649 -15441 -26406 
448 43843 22096 -35284 20032 -14437 -19113 -13444 
-512 3820 -18179 11627 -54656 -7289 -26523 34990 
22400 12129 -1957 -10888 -9728 836 -30729 47283 
-44800 -15737 15582 6095 17152 -11215 39104 711 
-26624 16552 18456 -24768 -3072 25676 -15268 5004 
21440 -12433 3311 -26159 7616 -41842 28062 50584 
42880 18404 -4615 33451 -44544 -1267 6775 17718 
-4352 -3525 25048 10357 -29440 48441 15006 11195 
44480 -16556 -22445 -14328 9408 -12199 11960 12803 
-11904 -33636 41220 -9686 -19840 40992 11370 11578 
-25024 -55860 28202 -14335 -41280 -10240 40929 -12155 
16512 40245 -11906 14365 -8832 -29585 6078 -5275 
-13440 -9766 -26519 20491 27648 -36167 6347 -18192 
14336 13292 -18214 -11562 -34048 -13926 3342 -54096 
18176 2424 20985 38143 27264 -60801 25965 10948 
72640 -18240 -11380 22117 -2496 8876 13505 9845 
512 17271 -23378 2155 5120 16085 5244 -21873 
22144 -11435 14937 242 -38400 19566 7169 3235 
-33792 1346 -23016 -1792 256 65804 -17872 -11428 
22272 1801 5037 18218 68480 484 5439 -6303 
-3648 -19827 256 -55224 34624 13203 20327 -14684 
-31168 60091 45633 13773 4672 -2656 -28134 -18338 
24704 -10600 -52181 41385 35840 15315 6853 -16410 
-65408 -39845 12924 -34691 8320 -26593 43868 9055 
-19328 51050 8648 16586 16768 -32402 -27214 19190 
-9344 4187 -12129 -21994 22272 -70762 -30013 -19701 
-35200 -108 -50150 -1938 -14464 -30914 31500 59374 
-11392 -3826 924 7364 -67968 11292 598 -4922 
-8064 -62697 2099 -3228 -29440 32636 19943 -8759 
-17984 1139 58436 32580 -17856 10275 -27413 10148 
-21952 8791 23729 11643 27968 -5416 4178 -10798 
-26496 8987 -31022 69243 20352 7679 41966 -13751 
2368 28329 37737 -25815 -48064 -6190 -15386 22248 
-448 30846 2709 -4514 20288 1433 -8292 -22453 
29504 29302 -17933 -8 6208 -1899 7014 29819 
-7488 -48610 -38427 -5000 -3904 11275 26526 -27565 
-37376 -19333 -27327 21610 -7808 36640 6391 -9691 
-11648 -13982 -15082 28560 2176 59930 -12064 -23384 
-14080 55510 -19768 -1012 -3328 -24326 104 37480 
29184 17917 -1425 47410 -33920 -3890 16245 17339 
34688 5817 -18694 32187 -20352 -5499 15362 -1451 
